441.8407972184	-5.40E-15	-520.1427	441.8407972184	5.40E-15	-520.1427	441.8407972184	2.42E-14	-520.1427	441.8407972184	3.83E-14	-520.1427
443.0503219757	0.0930403659	-520.1427	441.9338375844	-1.2095247573	-520.1427	440.6312724611	-0.0930403659	-520.1427	441.7477568525	1.2095247573	-520.1427
444.259846733	0.1860807319	-520.1427	442.0268779503	-2.4190495146	-520.1427	439.4217477038	-0.1860807319	-520.1427	441.6547164865	2.4190495146	-520.1427
445.4693714903	0.2791210978	-520.1427	442.1199183162	-3.6285742719	-520.1427	438.2122229465	-0.2791210978	-520.1427	441.5616761206	3.6285742719	-520.1427
446.6788962476	0.3721614638	-520.1427	442.2129586822	-4.8380990292	-520.1427	437.0026981892	-0.3721614638	-520.1427	441.4686357546	4.8380990292	-520.1427
447.8884210049	0.4652018297	-520.1427	442.3059990481	-6.0476237865	-520.1427	435.7931734319	-0.4652018297	-520.1427	441.3755953887	6.0476237865	-520.1427
449.0979457622	0.5582421957	-520.1427	442.3990394141	-7.2571485438	-520.1427	434.5836486746	-0.5582421957	-520.1427	441.2825550227	7.2571485438	-520.1427
450.3074705195	0.6512825616	-520.1427	442.49207978	-8.466673301	-520.1427	433.3741239174	-0.6512825616	-520.1427	441.1895146568	8.466673301	-520.1427
451.5169952767	0.7443229276	-520.1427	442.585120146	-9.6761980583	-520.1427	432.1645991601	-0.7443229276	-520.1427	441.0964742908	9.6761980583	-520.1427
452.726520034	0.8373632935	-520.1427	442.6781605119	-10.8857228156	-520.1427	430.9550744028	-0.8373632935	-520.1427	441.0034339249	10.8857228156	-520.1427
453.9360447913	0.9304036595	-520.1427	442.7712008779	-12.0952475729	-520.1427	429.7455496455	-0.9304036595	-520.1427	440.9103935589	12.0952475729	-520.1427
455.1455695486	1.0234440254	-520.1427	442.8642412438	-13.3047723302	-520.1427	428.5360248882	-1.0234440254	-520.1427	440.817353193	13.3047723302	-520.1427
456.3550943059	1.1164843913	-520.1427	442.9572816098	-14.5142970875	-520.1427	427.3265001309	-1.1164843913	-520.1427	440.7243128271	14.5142970875	-520.1427
457.5646190632	1.2095247573	-520.1427	443.0503219757	-15.7238218448	-520.1427	426.1169753736	-1.2095247573	-520.1427	440.6312724611	15.7238218448	-520.1427
458.7741438205	1.3025651232	-520.1427	443.1433623416	-16.9333466021	-520.1427	424.9074506163	-1.3025651232	-520.1427	440.5382320952	16.9333466021	-520.1427
459.9836685778	1.3956054892	-520.1427	443.2364027076	-18.1428713594	-520.1427	423.697925859	-1.3956054892	-520.1427	440.4451917292	18.1428713594	-520.1427
461.1931933351	1.4886458551	-520.1427	443.3294430735	-19.3523961167	-520.1427	422.4884011017	-1.4886458551	-520.1427	440.3521513633	19.3523961167	-520.1427
462.4027180924	1.5816862211	-520.1427	443.4224834395	-20.561920874	-520.1427	421.2788763444	-1.5816862211	-520.1427	440.2591109973	20.561920874	-520.1427
463.6122428497	1.674726587	-520.1427	443.5155238054	-21.7714456313	-520.1427	420.0693515871	-1.674726587	-520.1427	440.1660706314	21.7714456313	-520.1427
464.821767607	1.767766953	-520.1427	443.6085641714	-22.9809703886	-520.1427	418.8598268298	-1.767766953	-520.1427	440.0730302654	22.9809703886	-520.1427
464.821767607	1.767766953	-520.1427	443.6085641714	-22.9809703886	-520.1427	418.8598268298	-1.767766953	-520.1427	440.0730302654	22.9809703886	-520.1427
464.8622446649	1.8082440109	-519.600872417	443.6085641714	-22.9809703886	-520.1427	418.8598268298	-1.767766953	-520.1427	440.0730302654	22.9809703886	-520.1427
465.1403122212	2.0863115672	-518.034105094	443.6085641714	-22.9809703886	-520.1427	418.8598268298	-1.767766953	-520.1427	440.0730302654	22.9809703886	-520.1427
465.8678141572	2.8138135032	-515.6121815812	443.6085641714	-22.9809703886	-520.1427	418.8598268298	-1.767766953	-520.1427	440.0730302654	22.9809703886	-520.1427
467.2078911654	4.1538905114	-512.5975548714	443.6085641714	-22.9809703886	-520.1427	418.8598268298	-1.767766953	-520.1427	440.0730302654	22.9809703886	-520.1427
469.2573019243	6.2033012703	-509.3169065453	443.6085641714	-22.9809703886	-520.1427	418.8598268298	-1.767766953	-520.1427	440.0730302654	22.9809703886	-520.1427
472.035937794	8.98193714	-506.1257457535	443.6085641714	-22.9809703886	-520.1427	418.8598268298	-1.767766953	-520.1427	440.0730302654	22.9809703886	-520.1427
475.4846672786	12.4306666246	-503.3698842837	443.6085641714	-22.9809703886	-520.1427	418.8598268298	-1.767766953	-520.1427	440.0730302654	22.9809703886	-520.1427
479.4717438416	16.4177431876	-501.3479624879	443.6085641714	-22.9809703886	-520.1427	418.8598268298	-1.767766953	-520.1427	440.0730302654	22.9809703886	-520.1427
483.8070826874	20.7530820334	-500.279086966	443.6085641714	-22.9809703886	-520.1427	418.8598268298	-1.767766953	-520.1427	440.0730302654	22.9809703886	-520.1427
488.2628593978	25.2088587438	-500.279086966	443.6085641714	-22.9809703886	-520.1427	418.8598268298	-1.767766953	-520.1427	440.0730302654	22.9809703886	-520.1427
492.5981982435	29.5441975895	-501.3479624879	443.6085641714	-22.9809703886	-520.1427	418.8598268298	-1.767766953	-520.1427	440.0730302654	22.9809703886	-520.1427
496.5852748065	33.5312741525	-503.3698842837	443.6085641714	-22.9809703886	-520.1427	418.8598268298	-1.767766953	-520.1427	440.0730302654	22.9809703886	-520.1427
500.0340042912	36.9800036372	-506.1257457535	443.6085641714	-22.9809703886	-520.1427	418.8598268298	-1.767766953	-520.1427	440.0730302654	22.9809703886	-520.1427
502.8126401608	39.7586395068	-509.3169065453	443.6085641714	-22.9809703886	-520.1427	418.8598268298	-1.767766953	-520.1427	440.0730302654	22.9809703886	-520.1427
504.8620509197	41.8080502657	-512.5975548714	443.6085641714	-22.9809703886	-520.1427	418.8598268298	-1.767766953	-520.1427	440.0730302654	22.9809703886	-520.1427
506.202127928	43.148127274	-515.6121815812	443.6085641714	-22.9809703886	-520.1427	418.8598268298	-1.767766953	-520.1427	440.0730302654	22.9809703886	-520.1427
506.929629864	43.87562921	-518.034105094	443.6085641714	-22.9809703886	-520.1427	418.8598268298	-1.767766953	-520.1427	440.0730302654	22.9809703886	-520.1427
507.2076974203	44.1536967663	-519.600872417	443.6085641714	-22.9809703886	-520.1427	418.8598268298	-1.767766953	-520.1427	440.0730302654	22.9809703886	-520.1427
507.2481744782	44.1941738242	-520.1427	443.6085641714	-22.9809703886	-520.1427	418.8598268298	-1.767766953	-520.1427	440.0730302654	22.9809703886	-520.1427
507.2481744782	44.1941738242	-520.1427	443.6085641714	-22.9809703886	-520.1427	418.8598268298	-1.767766953	-520.1427	440.0730302654	22.9809703886	-520.1427
504.9221653295	44.1011334582	-520.1427	443.5155238054	-20.6549612399	-520.1427	421.1858359785	-1.674726587	-520.1427	440.1660706314	20.6549612399	-520.1427
502.5961561809	44.0080930923	-520.1427	443.4224834395	-18.3289520913	-520.1427	423.5118451271	-1.5816862211	-520.1427	440.2591109973	18.3289520913	-520.1427
500.2701470322	43.9150527263	-520.1427	443.3294430735	-16.0029429426	-520.1427	425.8378542758	-1.4886458551	-520.1427	440.3521513633	16.0029429426	-520.1427
497.9441378836	43.8220123604	-520.1427	443.2364027076	-13.676933794	-520.1427	428.1638634244	-1.3956054892	-520.1427	440.4451917292	13.676933794	-520.1427
495.618128735	43.7289719944	-520.1427	443.1433623416	-11.3509246454	-520.1427	430.489872573	-1.3025651232	-520.1427	440.5382320952	11.3509246454	-520.1427
493.2921195863	43.6359316285	-520.1427	443.0503219757	-9.0249154967	-520.1427	432.8158817217	-1.2095247573	-520.1427	440.6312724611	9.0249154967	-520.1427
490.9661104377	43.5428912625	-520.1427	442.9572816098	-6.6989063481	-520.1427	435.1418908703	-1.1164843913	-520.1427	440.7243128271	6.6989063481	-520.1427
488.640101289	43.4498508966	-520.1427	442.8642412438	-4.3728971994	-520.1427	437.467900019	-1.0234440254	-520.1427	440.817353193	4.3728971994	-520.1427
486.3140921404	43.3568105306	-520.1427	442.7712008779	-2.0468880508	-520.1427	439.7939091676	-0.9304036595	-520.1427	440.9103935589	2.0468880508	-520.1427
483.9880829918	43.2637701647	-520.1427	442.6781605119	0.2791210978	-520.1427	442.1199183162	-0.8373632935	-520.1427	441.0034339249	-0.2791210978	-520.1427
481.6620738431	43.1707297988	-520.1427	442.585120146	2.6051302465	-520.1427	444.4459274649	-0.7443229276	-520.1427	441.0964742908	-2.6051302465	-520.1427
479.3360646945	43.0776894328	-520.1427	442.49207978	4.9311393951	-520.1427	446.7719366135	-0.6512825616	-520.1427	441.1895146568	-4.9311393951	-520.1427
477.0100555458	42.9846490669	-520.1427	442.3990394141	7.2571485438	-520.1427	449.0979457622	-0.5582421957	-520.1427	441.2825550227	-7.2571485438	-520.1427
474.6840463972	42.8916087009	-520.1427	442.3059990481	9.5831576924	-520.1427	451.4239549108	-0.4652018297	-520.1427	441.3755953887	-9.5831576924	-520.1427
472.3580372486	42.798568335	-520.1427	442.2129586822	11.909166841	-520.1427	453.7499640594	-0.3721614638	-520.1427	441.4686357546	-11.909166841	-520.1427
470.0320280999	42.705527969	-520.1427	442.1199183162	14.2351759897	-520.1427	456.0759732081	-0.2791210978	-520.1427	441.5616761206	-14.2351759897	-520.1427
467.7060189513	42.6124876031	-520.1427	442.0268779503	16.5611851383	-520.1427	458.4019823567	-0.1860807319	-520.1427	441.6547164865	-16.5611851383	-520.1427
465.3800098026	42.5194472371	-520.1427	441.9338375844	18.887194287	-520.1427	460.7279915054	-0.0930403659	-520.1427	441.7477568525	-18.887194287	-520.1427
463.054000654	42.4264068712	-520.1427	441.8407972184	21.2132034356	-520.1427	463.054000654	2.66E-14	-520.1427	441.8407972184	-21.2132034356	-520.1427
463.054000654	42.4264068712	-520.1427	441.8407972184	21.2132034356	-520.1427	463.054000654	0	-520.1427	441.8407972184	-21.2132034356	-520.1427
463.054000654	42.4264068712	-520.1427	441.8407972184	21.2132034356	-520.1427	463.0135235961	-0.0404770579	-519.600872417	441.8407972184	-21.2132034356	-520.1427
463.054000654	42.4264068712	-520.1427	441.8407972184	21.2132034356	-520.1427	462.7354560398	-0.3185446142	-518.034105094	441.8407972184	-21.2132034356	-520.1427
463.054000654	42.4264068712	-520.1427	441.8407972184	21.2132034356	-520.1427	462.0079541038	-1.0460465502	-515.6121815812	441.8407972184	-21.2132034356	-520.1427
463.054000654	42.4264068712	-520.1427	441.8407972184	21.2132034356	-520.1427	460.6678770956	-2.3861235584	-512.5975548714	441.8407972184	-21.2132034356	-520.1427
463.054000654	42.4264068712	-520.1427	441.8407972184	21.2132034356	-520.1427	458.6184663367	-4.4355343173	-509.3169065453	441.8407972184	-21.2132034356	-520.1427
463.054000654	42.4264068712	-520.1427	441.8407972184	21.2132034356	-520.1427	455.839830467	-7.214170187	-506.1257457535	441.8407972184	-21.2132034356	-520.1427
463.054000654	42.4264068712	-520.1427	441.8407972184	21.2132034356	-520.1427	452.3911009824	-10.6628996716	-503.3698842837	441.8407972184	-21.2132034356	-520.1427
463.054000654	42.4264068712	-520.1427	441.8407972184	21.2132034356	-520.1427	448.4040244193	-14.6499762347	-501.3479624879	441.8407972184	-21.2132034356	-520.1427
463.054000654	42.4264068712	-520.1427	441.8407972184	21.2132034356	-520.1427	444.0686855736	-18.9853150804	-500.279086966	441.8407972184	-21.2132034356	-520.1427
463.054000654	42.4264068712	-520.1427	441.8407972184	21.2132034356	-520.1427	439.6129088632	-23.4410917908	-500.279086966	441.8407972184	-21.2132034356	-520.1427
463.054000654	42.4264068712	-520.1427	441.8407972184	21.2132034356	-520.1427	435.2775700175	-27.7764306365	-501.3479624879	441.8407972184	-21.2132034356	-520.1427
463.054000654	42.4264068712	-520.1427	441.8407972184	21.2132034356	-520.1427	431.2904934544	-31.7635071996	-503.3698842837	441.8407972184	-21.2132034356	-520.1427
463.054000654	42.4264068712	-520.1427	441.8407972184	21.2132034356	-520.1427	427.8417639698	-35.2122366842	-506.1257457535	441.8407972184	-21.2132034356	-520.1427
463.054000654	42.4264068712	-520.1427	441.8407972184	21.2132034356	-520.1427	425.0631281002	-37.9908725538	-509.3169065453	441.8407972184	-21.2132034356	-520.1427
463.054000654	42.4264068712	-520.1427	441.8407972184	21.2132034356	-520.1427	423.0137173412	-40.0402833128	-512.5975548714	441.8407972184	-21.2132034356	-520.1427
463.054000654	42.4264068712	-520.1427	441.8407972184	21.2132034356	-520.1427	421.673640333	-41.380360321	-515.6121815812	441.8407972184	-21.2132034356	-520.1427
463.054000654	42.4264068712	-520.1427	441.8407972184	21.2132034356	-520.1427	420.946138397	-42.107862257	-518.034105094	441.8407972184	-21.2132034356	-520.1427
463.054000654	42.4264068712	-520.1427	441.8407972184	21.2132034356	-520.1427	420.6680708407	-42.3859298133	-519.600872417	441.8407972184	-21.2132034356	-520.1427
463.054000654	42.4264068712	-520.1427	441.8407972184	21.2132034356	-520.1427	420.6275937828	-42.4264068712	-520.1427	441.8407972184	-21.2132034356	-520.1427
463.054000654	42.4264068712	-520.1427	441.8407972184	21.2132034356	-520.1427	420.6275937828	-42.4264068712	-520.1427	441.8407972184	-21.2132034356	-520.1427
463.054000654	42.4264068712	-520.1427	441.8407972184	21.2132034356	-520.1427	420.6275937828	-42.4264068712	-520.1427	441.8407972184	-21.2132034356	-520.1427
463.054000654	42.4264068712	-520.1427	441.8407972184	21.2132034356	-520.1427	420.6275937828	-42.4264068712	-520.1427	441.8407972184	-21.2132034356	-520.1427
463.054000654	42.4264068712	-520.1427	441.8407972184	21.2132034356	-520.1427	420.6275937828	-42.4264068712	-520.1427	441.8407972184	-21.2132034356	-520.1427
463.054000654	42.4264068712	-520.1427	441.8407972184	21.2132034356	-520.1427	420.6275937828	-42.4264068712	-520.1427	441.8407972184	-21.2132034356	-520.1427
463.054000654	42.4264068712	-520.1427	441.8407972184	21.2132034356	-520.1427	420.6275937828	-42.4264068712	-520.1427	441.8407972184	-21.2132034356	-520.1427
463.054000654	42.4264068712	-520.1427	441.8407972184	21.2132034356	-520.1427	420.6275937828	-42.4264068712	-520.1427	441.8407972184	-21.2132034356	-520.1427
463.054000654	42.4264068712	-520.1427	441.8407972184	21.2132034356	-520.1427	420.6275937828	-42.4264068712	-520.1427	441.8407972184	-21.2132034356	-520.1427
463.054000654	42.4264068712	-520.1427	441.8407972184	21.2132034356	-520.1427	420.6275937828	-42.4264068712	-520.1427	441.8407972184	-21.2132034356	-520.1427
463.054000654	42.4264068712	-520.1427	441.8407972184	21.2132034356	-520.1427	420.6275937828	-42.4264068712	-520.1427	441.8407972184	-21.2132034356	-520.1427
463.054000654	42.4264068712	-520.1427	441.8407972184	21.2132034356	-520.1427	420.6275937828	-42.4264068712	-520.1427	441.8407972184	-21.2132034356	-520.1427
463.054000654	42.4264068712	-520.1427	441.8407972184	21.2132034356	-520.1427	420.6275937828	-42.4264068712	-520.1427	441.8407972184	-21.2132034356	-520.1427
463.054000654	42.4264068712	-520.1427	441.8407972184	21.2132034356	-520.1427	420.6275937828	-42.4264068712	-520.1427	441.8407972184	-21.2132034356	-520.1427
463.054000654	42.4264068712	-520.1427	441.8407972184	21.2132034356	-520.1427	420.6275937828	-42.4264068712	-520.1427	441.8407972184	-21.2132034356	-520.1427
463.054000654	42.4264068712	-520.1427	441.8407972184	21.2132034356	-520.1427	420.6275937828	-42.4264068712	-520.1427	441.8407972184	-21.2132034356	-520.1427
463.054000654	42.4264068712	-520.1427	441.8407972184	21.2132034356	-520.1427	420.6275937828	-42.4264068712	-520.1427	441.8407972184	-21.2132034356	-520.1427
463.054000654	42.4264068712	-520.1427	441.8407972184	21.2132034356	-520.1427	420.6275937828	-42.4264068712	-520.1427	441.8407972184	-21.2132034356	-520.1427
463.054000654	42.4264068712	-520.1427	441.8407972184	21.2132034356	-520.1427	420.6275937828	-42.4264068712	-520.1427	441.8407972184	-21.2132034356	-520.1427
463.054000654	42.4264068712	-520.1427	441.8407972184	21.2132034356	-520.1427	420.6275937828	-42.4264068712	-520.1427	441.8407972184	-21.2132034356	-520.1427
463.054000654	42.4264068712	-520.1427	441.8407972184	21.2132034356	-520.1427	420.6275937828	-42.4264068712	-520.1427	441.8407972184	-21.2132034356	-520.1427
463.054000654	42.4264068712	-520.1427	441.8407972184	21.2132034356	-520.1427	420.6275937828	-42.4264068712	-520.1427	441.8407972184	-21.2132034356	-520.1427
463.054000654	42.4264068712	-520.1427	441.8812742763	21.1727263777	-519.600872417	420.6275937828	-42.4264068712	-520.1427	441.8407972184	-21.2132034356	-520.1427
463.054000654	42.4264068712	-520.1427	442.1593418326	20.8946588214	-518.034105094	420.6275937828	-42.4264068712	-520.1427	441.8407972184	-21.2132034356	-520.1427
463.054000654	42.4264068712	-520.1427	442.8868437686	20.1671568854	-515.6121815812	420.6275937828	-42.4264068712	-520.1427	441.8407972184	-21.2132034356	-520.1427
463.054000654	42.4264068712	-520.1427	444.2269207768	18.8270798772	-512.5975548714	420.6275937828	-42.4264068712	-520.1427	441.8407972184	-21.2132034356	-520.1427
463.054000654	42.4264068712	-520.1427	446.2763315358	16.7776691182	-509.3169065453	420.6275937828	-42.4264068712	-520.1427	441.8407972184	-21.2132034356	-520.1427
463.054000654	42.4264068712	-520.1427	449.0549674054	13.9990332486	-506.1257457535	420.6275937828	-42.4264068712	-520.1427	441.8407972184	-21.2132034356	-520.1427
463.054000654	42.4264068712	-520.1427	452.50369689	10.550303764	-503.3698842837	420.6275937828	-42.4264068712	-520.1427	441.8407972184	-21.2132034356	-520.1427
463.054000654	42.4264068712	-520.1427	456.4907734531	6.5632272009	-501.3479624879	420.6275937828	-42.4264068712	-520.1427	441.8407972184	-21.2132034356	-520.1427
463.054000654	42.4264068712	-520.1427	460.8261122988	2.2278883552	-500.279086966	420.6275937828	-42.4264068712	-520.1427	441.8407972184	-21.2132034356	-520.1427
463.054000654	42.4264068712	-520.1427	465.2818890092	-2.2278883552	-500.279086966	420.6275937828	-42.4264068712	-520.1427	441.8407972184	-21.2132034356	-520.1427
463.054000654	42.4264068712	-520.1427	469.6172278549	-6.5632272009	-501.3479624879	420.6275937828	-42.4264068712	-520.1427	441.8407972184	-21.2132034356	-520.1427
463.054000654	42.4264068712	-520.1427	473.604304418	-10.550303764	-503.3698842837	420.6275937828	-42.4264068712	-520.1427	441.8407972184	-21.2132034356	-520.1427
463.054000654	42.4264068712	-520.1427	477.0530339026	-13.9990332486	-506.1257457535	420.6275937828	-42.4264068712	-520.1427	441.8407972184	-21.2132034356	-520.1427
463.054000654	42.4264068712	-520.1427	479.8316697723	-16.7776691182	-509.3169065453	420.6275937828	-42.4264068712	-520.1427	441.8407972184	-21.2132034356	-520.1427
463.054000654	42.4264068712	-520.1427	481.8810805312	-18.8270798772	-512.5975548714	420.6275937828	-42.4264068712	-520.1427	441.8407972184	-21.2132034356	-520.1427
463.054000654	42.4264068712	-520.1427	483.2211575394	-20.1671568854	-515.6121815812	420.6275937828	-42.4264068712	-520.1427	441.8407972184	-21.2132034356	-520.1427
463.054000654	42.4264068712	-520.1427	483.9486594754	-20.8946588214	-518.034105094	420.6275937828	-42.4264068712	-520.1427	441.8407972184	-21.2132034356	-520.1427
463.054000654	42.4264068712	-520.1427	484.2267270317	-21.1727263777	-519.600872417	420.6275937828	-42.4264068712	-520.1427	441.8407972184	-21.2132034356	-520.1427
463.054000654	42.4264068712	-520.1427	484.2672040896	-21.2132034356	-520.1427	420.6275937828	-42.4264068712	-520.1427	441.8407972184	-21.2132034356	-520.1427
463.054000654	42.4264068712	-520.1427	484.2672040896	-21.2132034356	-520.1427	420.6275937828	-42.4264068712	-520.1427	441.8407972184	-21.2132034356	-520.1427
462.3096777264	38.8908729653	-520.1427	480.7316701837	-20.468880508	-520.1427	421.3719167104	-38.8908729653	-520.1427	445.3763311243	-21.9575263632	-520.1427
461.5653547989	35.3553390593	-520.1427	477.1961362777	-19.7245575805	-520.1427	422.1162396379	-35.3553390593	-520.1427	448.9118650303	-22.7018492907	-520.1427
460.8210318713	31.8198051534	-520.1427	473.6606023718	-18.9802346529	-520.1427	422.8605625655	-31.8198051534	-520.1427	452.4473989362	-23.4461722183	-520.1427
460.0767089437	28.2842712475	-520.1427	470.1250684659	-18.2359117253	-520.1427	423.6048854931	-28.2842712475	-520.1427	455.9829328421	-24.1904951459	-520.1427
459.3323860162	24.7487373415	-520.1427	466.5895345599	-17.4915887978	-520.1427	424.3492084206	-24.7487373415	-520.1427	459.5184667481	-24.9348180734	-520.1427
458.5880630886	21.2132034356	-520.1427	463.054000654	-16.7472658702	-520.1427	425.0935313482	-21.2132034356	-520.1427	463.054000654	-25.679141001	-520.1427
457.843740161	17.6776695297	-520.1427	459.5184667481	-16.0029429426	-520.1427	425.8378542758	-17.6776695297	-520.1427	466.5895345599	-26.4234639285	-520.1427
457.0994172335	14.1421356237	-520.1427	455.9829328421	-15.2586200151	-520.1427	426.5821772033	-14.1421356237	-520.1427	470.1250684659	-27.1677868561	-520.1427
456.3550943059	10.6066017178	-520.1427	452.4473989362	-14.5142970875	-520.1427	427.3265001309	-10.6066017178	-520.1427	473.6606023718	-27.9121097837	-520.1427
455.6107713784	7.0710678119	-520.1427	448.9118650303	-13.7699741599	-520.1427	428.0708230585	-7.0710678119	-520.1427	477.1961362777	-28.6564327112	-520.1427
454.8664484508	3.5355339059	-520.1427	445.3763311243	-13.0256512324	-520.1427	428.815145986	-3.5355339059	-520.1427	480.7316701837	-29.4007556388	-520.1427
454.1221255232	0	-520.1427	441.8407972184	-12.2813283048	-520.1427	429.5594689136	2.13E-14	-520.1427	484.2672040896	-30.1450785664	-520.1427
453.3778025957	-3.5355339059	-520.1427	438.3052633125	-11.5370053773	-520.1427	430.3037918412	3.5355339059	-520.1427	487.8027379955	-30.8894014939	-520.1427
452.6334796681	-7.0710678119	-520.1427	434.7697294065	-10.7926824497	-520.1427	431.0481147687	7.0710678119	-520.1427	491.3382719015	-31.6337244215	-520.1427
451.8891567405	-10.6066017178	-520.1427	431.2341955006	-10.0483595221	-520.1427	431.7924376963	10.6066017178	-520.1427	494.8738058074	-32.3780473491	-520.1427
451.144833813	-14.1421356237	-520.1427	427.6986615947	-9.3040365946	-520.1427	432.5367606238	14.1421356237	-520.1427	498.4093397133	-33.1223702766	-520.1427
450.4005108854	-17.6776695297	-520.1427	424.1631276887	-8.559713667	-520.1427	433.2810835514	17.6776695297	-520.1427	501.9448736193	-33.8666932042	-520.1427
449.6561879578	-21.2132034356	-520.1427	420.6275937828	-7.8153907394	-520.1427	434.025406479	21.2132034356	-520.1427	505.4804075252	-34.6110161318	-520.1427
448.9118650303	-24.7487373415	-520.1427	417.0920598769	-7.0710678119	-520.1427	434.7697294065	24.7487373415	-520.1427	509.0159414311	-35.3553390593	-520.1427
448.9118650303	-24.7487373415	-520.1427	417.0920598769	-7.0710678119	-520.1427	434.7697294065	24.7487373415	-520.1427	509.0159414311	-35.3553390593	-520.1427
448.9118650303	-24.7487373415	-520.1427	417.0920598769	-7.0710678119	-520.1427	434.7697294065	24.7487373415	-520.1427	508.9754643732	-35.3148620014	-519.600872417
448.9118650303	-24.7487373415	-520.1427	417.0920598769	-7.0710678119	-520.1427	434.7697294065	24.7487373415	-520.1427	508.6973968169	-35.0367944451	-518.034105094
448.9118650303	-24.7487373415	-520.1427	417.0920598769	-7.0710678119	-520.1427	434.7697294065	24.7487373415	-520.1427	507.9698948809	-34.3092925091	-515.6121815812
448.9118650303	-24.7487373415	-520.1427	417.0920598769	-7.0710678119	-520.1427	434.7697294065	24.7487373415	-520.1427	506.6298178727	-32.9692155009	-512.5975548714
448.9118650303	-24.7487373415	-520.1427	417.0920598769	-7.0710678119	-520.1427	434.7697294065	24.7487373415	-520.1427	504.5804071138	-30.919804742	-509.3169065453
448.9118650303	-24.7487373415	-520.1427	417.0920598769	-7.0710678119	-520.1427	434.7697294065	24.7487373415	-520.1427	501.8017712441	-28.1411688723	-506.1257457535
448.9118650303	-24.7487373415	-520.1427	417.0920598769	-7.0710678119	-520.1427	434.7697294065	24.7487373415	-520.1427	498.3530417595	-24.6924393877	-503.3698842837
448.9118650303	-24.7487373415	-520.1427	417.0920598769	-7.0710678119	-520.1427	434.7697294065	24.7487373415	-520.1427	494.3659651965	-20.7053628247	-501.3479624879
448.9118650303	-24.7487373415	-520.1427	417.0920598769	-7.0710678119	-520.1427	434.7697294065	24.7487373415	-520.1427	490.0306263507	-16.3700239789	-500.279086966
448.9118650303	-24.7487373415	-520.1427	417.0920598769	-7.0710678119	-520.1427	434.7697294065	24.7487373415	-520.1427	485.5748496403	-11.9142472685	-500.279086966
448.9118650303	-24.7487373415	-520.1427	417.0920598769	-7.0710678119	-520.1427	434.7697294065	24.7487373415	-520.1427	481.2395107946	-7.5789084228	-501.3479624879
448.9118650303	-24.7487373415	-520.1427	417.0920598769	-7.0710678119	-520.1427	434.7697294065	24.7487373415	-520.1427	477.2524342316	-3.5918318598	-503.3698842837
448.9118650303	-24.7487373415	-520.1427	417.0920598769	-7.0710678119	-520.1427	434.7697294065	24.7487373415	-520.1427	473.8037047469	-0.1431023751	-506.1257457535
448.9118650303	-24.7487373415	-520.1427	417.0920598769	-7.0710678119	-520.1427	434.7697294065	24.7487373415	-520.1427	471.0250688773	2.6355334945	-509.3169065453
448.9118650303	-24.7487373415	-520.1427	417.0920598769	-7.0710678119	-520.1427	434.7697294065	24.7487373415	-520.1427	468.9756581184	4.6849442534	-512.5975548714
448.9118650303	-24.7487373415	-520.1427	417.0920598769	-7.0710678119	-520.1427	434.7697294065	24.7487373415	-520.1427	467.6355811101	6.0250212617	-515.6121815812
448.9118650303	-24.7487373415	-520.1427	417.0920598769	-7.0710678119	-520.1427	434.7697294065	24.7487373415	-520.1427	466.9080791741	6.7525231977	-518.034105094
448.9118650303	-24.7487373415	-520.1427	417.0920598769	-7.0710678119	-520.1427	434.7697294065	24.7487373415	-520.1427	466.6300116178	7.030590754	-519.600872417
448.9118650303	-24.7487373415	-520.1427	417.0920598769	-7.0710678119	-520.1427	434.7697294065	24.7487373415	-520.1427	466.5895345599	7.0710678119	-520.1427
448.9118650303	-24.7487373415	-520.1427	417.0920598769	-7.0710678119	-520.1427	434.7697294065	24.7487373415	-520.1427	466.5895345599	7.0710678119	-520.1427
449.7492283238	-24.0974547799	-520.1427	417.7433424385	-7.9084311054	-520.1427	433.932366113	24.0974547799	-520.1427	465.9382519983	7.9084311054	-520.1427
450.5865916173	-23.4461722183	-520.1427	418.3946250001	-8.7457943989	-520.1427	433.0950028195	23.4461722183	-520.1427	465.2869694367	8.7457943989	-520.1427
451.4239549108	-22.7948896567	-520.1427	419.0459075617	-9.5831576924	-520.1427	432.257639526	22.7948896567	-520.1427	464.6356868751	9.5831576924	-520.1427
452.2613182043	-22.1436070951	-520.1427	419.6971901234	-10.4205209859	-520.1427	431.4202762325	22.1436070951	-520.1427	463.9844043135	10.4205209859	-520.1427
453.0986814978	-21.4923245334	-520.1427	420.348472685	-11.2578842794	-520.1427	430.582912939	21.4923245334	-520.1427	463.3331217518	11.2578842794	-520.1427
453.9360447913	-20.8410419718	-520.1427	420.9997552466	-12.0952475729	-520.1427	429.7455496455	20.8410419718	-520.1427	462.6818391902	12.0952475729	-520.1427
454.7734080848	-20.1897594102	-520.1427	421.6510378082	-12.9326108664	-520.1427	428.908186352	20.1897594102	-520.1427	462.0305566286	12.9326108664	-520.1427
455.6107713784	-19.5384768486	-520.1427	422.3023203698	-13.7699741599	-520.1427	428.0708230585	19.5384768486	-520.1427	461.379274067	13.7699741599	-520.1427
456.4481346719	-18.887194287	-520.1427	422.9536029314	-14.6073374535	-520.1427	427.2334597649	18.887194287	-520.1427	460.7279915054	14.6073374535	-520.1427
457.2854979654	-18.2359117253	-520.1427	423.6048854931	-15.444700747	-520.1427	426.3960964714	18.2359117253	-520.1427	460.0767089437	15.444700747	-520.1427
458.1228612589	-17.5846291637	-520.1427	424.2561680547	-16.2820640405	-520.1427	425.5587331779	17.5846291637	-520.1427	459.4254263821	16.2820640405	-520.1427
458.9602245524	-16.9333466021	-520.1427	424.9074506163	-17.119427334	-520.1427	424.7213698844	16.9333466021	-520.1427	458.7741438205	17.119427334	-520.1427
459.7975878459	-16.2820640405	-520.1427	425.5587331779	-17.9567906275	-520.1427	423.8840065909	16.2820640405	-520.1427	458.1228612589	17.9567906275	-520.1427
460.6349511394	-15.6307814789	-520.1427	426.2100157395	-18.794153921	-520.1427	423.0466432974	15.6307814789	-520.1427	457.4715786973	18.794153921	-520.1427
461.4723144329	-14.9794989172	-520.1427	426.8612983012	-19.6315172145	-520.1427	422.2092800039	14.9794989172	-520.1427	456.8202961356	19.6315172145	-520.1427
462.3096777264	-14.3282163556	-520.1427	427.5125808628	-20.468880508	-520.1427	421.3719167104	14.3282163556	-520.1427	456.169013574	20.468880508	-520.1427
463.1470410199	-13.676933794	-520.1427	428.1638634244	-21.3062438015	-520.1427	420.5345534169	13.676933794	-520.1427	455.5177310124	21.3062438015	-520.1427
463.9844043135	-13.0256512324	-520.1427	428.815145986	-22.1436070951	-520.1427	419.6971901234	13.0256512324	-520.1427	454.8664484508	22.1436070951	-520.1427
464.821767607	-12.3743686708	-520.1427	429.4664285476	-22.9809703886	-520.1427	418.8598268298	12.3743686708	-520.1427	454.2151658892	22.9809703886	-520.1427
464.821767607	-12.3743686708	-520.1427	429.4664285476	-22.9809703886	-520.1427	418.8598268298	12.3743686708	-520.1427	454.2151658892	22.9809703886	-520.1427
464.8622446649	-12.3338916129	-519.600872417	429.4664285476	-22.9809703886	-520.1427	418.8598268298	12.3743686708	-520.1427	454.2151658892	22.9809703886	-520.1427
465.1403122212	-12.0558240566	-518.034105094	429.4664285476	-22.9809703886	-520.1427	418.8598268298	12.3743686708	-520.1427	454.2151658892	22.9809703886	-520.1427
465.8678141572	-11.3283221206	-515.6121815812	429.4664285476	-22.9809703886	-520.1427	418.8598268298	12.3743686708	-520.1427	454.2151658892	22.9809703886	-520.1427
467.2078911654	-9.9882451123	-512.5975548714	429.4664285476	-22.9809703886	-520.1427	418.8598268298	12.3743686708	-520.1427	454.2151658892	22.9809703886	-520.1427
469.2573019243	-7.9388343534	-509.3169065453	429.4664285476	-22.9809703886	-520.1427	418.8598268298	12.3743686708	-520.1427	454.2151658892	22.9809703886	-520.1427
472.035937794	-5.1601984838	-506.1257457535	429.4664285476	-22.9809703886	-520.1427	418.8598268298	12.3743686708	-520.1427	454.2151658892	22.9809703886	-520.1427
475.4846672786	-1.7114689991	-503.3698842837	429.4664285476	-22.9809703886	-520.1427	418.8598268298	12.3743686708	-520.1427	454.2151658892	22.9809703886	-520.1427
479.4717438416	2.2756075639	-501.3479624879	429.4664285476	-22.9809703886	-520.1427	418.8598268298	12.3743686708	-520.1427	454.2151658892	22.9809703886	-520.1427
483.8070826874	6.6109464096	-500.279086966	429.4664285476	-22.9809703886	-520.1427	418.8598268298	12.3743686708	-520.1427	454.2151658892	22.9809703886	-520.1427
488.2628593978	11.06672312	-500.279086966	429.4664285476	-22.9809703886	-520.1427	418.8598268298	12.3743686708	-520.1427	454.2151658892	22.9809703886	-520.1427
492.5981982435	15.4020619658	-501.3479624879	429.4664285476	-22.9809703886	-520.1427	418.8598268298	12.3743686708	-520.1427	454.2151658892	22.9809703886	-520.1427
496.5852748065	19.3891385288	-503.3698842837	429.4664285476	-22.9809703886	-520.1427	418.8598268298	12.3743686708	-520.1427	454.2151658892	22.9809703886	-520.1427
500.0340042912	22.8378680134	-506.1257457535	429.4664285476	-22.9809703886	-520.1427	418.8598268298	12.3743686708	-520.1427	454.2151658892	22.9809703886	-520.1427
502.8126401608	25.6165038831	-509.3169065453	429.4664285476	-22.9809703886	-520.1427	418.8598268298	12.3743686708	-520.1427	454.2151658892	22.9809703886	-520.1427
504.8620509197	27.665914642	-512.5975548714	429.4664285476	-22.9809703886	-520.1427	418.8598268298	12.3743686708	-520.1427	454.2151658892	22.9809703886	-520.1427
506.202127928	29.0059916502	-515.6121815812	429.4664285476	-22.9809703886	-520.1427	418.8598268298	12.3743686708	-520.1427	454.2151658892	22.9809703886	-520.1427
506.929629864	29.7334935862	-518.034105094	429.4664285476	-22.9809703886	-520.1427	418.8598268298	12.3743686708	-520.1427	454.2151658892	22.9809703886	-520.1427
507.2076974203	30.0115611425	-519.600872417	429.4664285476	-22.9809703886	-520.1427	418.8598268298	12.3743686708	-520.1427	454.2151658892	22.9809703886	-520.1427
507.2481744782	30.0520382004	-520.1427	429.4664285476	-22.9809703886	-520.1427	418.8598268298	12.3743686708	-520.1427	454.2151658892	22.9809703886	-520.1427
507.2481744782	30.0520382004	-520.1427	429.4664285476	-22.9809703886	-520.1427	418.8598268298	12.3743686708	-520.1427	454.2151658892	22.9809703886	-520.1427
504.9221653295	30.5172400302	-520.1427	429.9316303774	-20.6549612399	-520.1427	421.1858359785	11.909166841	-520.1427	453.7499640594	20.6549612399	-520.1427
502.5961561809	30.9824418599	-520.1427	430.3968322071	-18.3289520913	-520.1427	423.5118451271	11.4439650113	-520.1427	453.2847622297	18.3289520913	-520.1427
500.2701470322	31.4476436896	-520.1427	430.8620340368	-16.0029429426	-520.1427	425.8378542758	10.9787631816	-520.1427	452.8195604	16.0029429426	-520.1427
497.9441378836	31.9128455193	-520.1427	431.3272358666	-13.676933794	-520.1427	428.1638634244	10.5135613519	-520.1427	452.3543585703	13.676933794	-520.1427
495.618128735	32.3780473491	-520.1427	431.7924376963	-11.3509246454	-520.1427	430.489872573	10.0483595221	-520.1427	451.8891567405	11.3509246454	-520.1427
493.2921195863	32.8432491788	-520.1427	432.257639526	-9.0249154967	-520.1427	432.8158817217	9.5831576924	-520.1427	451.4239549108	9.0249154967	-520.1427
490.9661104377	33.3084510085	-520.1427	432.7228413557	-6.6989063481	-520.1427	435.1418908703	9.1179558627	-520.1427	450.9587530811	6.6989063481	-520.1427
488.640101289	33.7736528383	-520.1427	433.1880431855	-4.3728971994	-520.1427	437.467900019	8.6527540329	-520.1427	450.4935512513	4.3728971994	-520.1427
486.3140921404	34.238854668	-520.1427	433.6532450152	-2.0468880508	-520.1427	439.7939091676	8.1875522032	-520.1427	450.0283494216	2.0468880508	-520.1427
483.9880829918	34.7040564977	-520.1427	434.1184468449	0.2791210978	-520.1427	442.1199183162	7.7223503735	-520.1427	449.5631475919	-0.2791210978	-520.1427
481.6620738431	35.1692583274	-520.1427	434.5836486746	2.6051302465	-520.1427	444.4459274649	7.2571485438	-520.1427	449.0979457622	-2.6051302465	-520.1427
479.3360646945	35.6344601572	-520.1427	435.0488505044	4.9311393951	-520.1427	446.7719366135	6.791946714	-520.1427	448.6327439324	-4.9311393951	-520.1427
477.0100555458	36.0996619869	-520.1427	435.5140523341	7.2571485438	-520.1427	449.0979457622	6.3267448843	-520.1427	448.1675421027	-7.2571485438	-520.1427
474.6840463972	36.5648638166	-520.1427	435.9792541638	9.5831576924	-520.1427	451.4239549108	5.8615430546	-520.1427	447.702340273	-9.5831576924	-520.1427
472.3580372486	37.0300656463	-520.1427	436.4444559936	11.909166841	-520.1427	453.7499640594	5.3963412248	-520.1427	447.2371384433	-11.909166841	-520.1427
470.0320280999	37.4952674761	-520.1427	436.9096578233	14.2351759897	-520.1427	456.0759732081	4.9311393951	-520.1427	446.7719366135	-14.2351759897	-520.1427
467.7060189513	37.9604693058	-520.1427	437.374859653	16.5611851383	-520.1427	458.4019823567	4.4659375654	-520.1427	446.3067347838	-16.5611851383	-520.1427
465.3800098026	38.4256711355	-520.1427	437.8400614827	18.887194287	-520.1427	460.7279915054	4.0007357357	-520.1427	445.8415329541	-18.887194287	-520.1427
463.054000654	38.8908729653	-520.1427	438.3052633125	21.2132034356	-520.1427	463.054000654	3.5355339059	-520.1427	445.3763311243	-21.2132034356	-520.1427
463.054000654	38.8908729653	-520.1427	438.3052633125	21.2132034356	-520.1427	463.054000654	3.5355339059	-520.1427	445.3763311243	-21.2132034356	-520.1427
463.054000654	38.8908729653	-520.1427	438.3052633125	21.2132034356	-520.1427	463.0135235961	3.495056848	-519.600872417	445.3763311243	-21.2132034356	-520.1427
463.054000654	38.8908729653	-520.1427	438.3052633125	21.2132034356	-520.1427	462.7354560398	3.2169892917	-518.034105094	445.3763311243	-21.2132034356	-520.1427
463.054000654	38.8908729653	-520.1427	438.3052633125	21.2132034356	-520.1427	462.0079541038	2.4894873557	-515.6121815812	445.3763311243	-21.2132034356	-520.1427
463.054000654	38.8908729653	-520.1427	438.3052633125	21.2132034356	-520.1427	460.6678770956	1.1494103475	-512.5975548714	445.3763311243	-21.2132034356	-520.1427
463.054000654	38.8908729653	-520.1427	438.3052633125	21.2132034356	-520.1427	458.6184663367	-0.9000004114	-509.3169065453	445.3763311243	-21.2132034356	-520.1427
463.054000654	38.8908729653	-520.1427	438.3052633125	21.2132034356	-520.1427	455.839830467	-3.6786362811	-506.1257457535	445.3763311243	-21.2132034356	-520.1427
463.054000654	38.8908729653	-520.1427	438.3052633125	21.2132034356	-520.1427	452.3911009824	-7.1273657657	-503.3698842837	445.3763311243	-21.2132034356	-520.1427
463.054000654	38.8908729653	-520.1427	438.3052633125	21.2132034356	-520.1427	448.4040244193	-11.1144423287	-501.3479624879	445.3763311243	-21.2132034356	-520.1427
463.054000654	38.8908729653	-520.1427	438.3052633125	21.2132034356	-520.1427	444.0686855736	-15.4497811745	-500.279086966	445.3763311243	-21.2132034356	-520.1427
463.054000654	38.8908729653	-520.1427	438.3052633125	21.2132034356	-520.1427	439.6129088632	-19.9055578849	-500.279086966	445.3763311243	-21.2132034356	-520.1427
463.054000654	38.8908729653	-520.1427	438.3052633125	21.2132034356	-520.1427	435.2775700175	-24.2408967306	-501.3479624879	445.3763311243	-21.2132034356	-520.1427
463.054000654	38.8908729653	-520.1427	438.3052633125	21.2132034356	-520.1427	431.2904934544	-28.2279732936	-503.3698842837	445.3763311243	-21.2132034356	-520.1427
463.054000654	38.8908729653	-520.1427	438.3052633125	21.2132034356	-520.1427	427.8417639698	-31.6767027783	-506.1257457535	445.3763311243	-21.2132034356	-520.1427
463.054000654	38.8908729653	-520.1427	438.3052633125	21.2132034356	-520.1427	425.0631281002	-34.4553386479	-509.3169065453	445.3763311243	-21.2132034356	-520.1427
463.054000654	38.8908729653	-520.1427	438.3052633125	21.2132034356	-520.1427	423.0137173412	-36.5047494068	-512.5975548714	445.3763311243	-21.2132034356	-520.1427
463.054000654	38.8908729653	-520.1427	438.3052633125	21.2132034356	-520.1427	421.673640333	-37.8448264151	-515.6121815812	445.3763311243	-21.2132034356	-520.1427
463.054000654	38.8908729653	-520.1427	438.3052633125	21.2132034356	-520.1427	420.946138397	-38.5723283511	-518.034105094	445.3763311243	-21.2132034356	-520.1427
463.054000654	38.8908729653	-520.1427	438.3052633125	21.2132034356	-520.1427	420.6680708407	-38.8503959074	-519.600872417	445.3763311243	-21.2132034356	-520.1427
463.054000654	38.8908729653	-520.1427	438.3052633125	21.2132034356	-520.1427	420.6275937828	-38.8908729653	-520.1427	445.3763311243	-21.2132034356	-520.1427
463.054000654	38.8908729653	-520.1427	438.3052633125	21.2132034356	-520.1427	420.6275937828	-38.8908729653	-520.1427	445.3763311243	-21.2132034356	-520.1427
463.054000654	38.8908729653	-520.1427	438.3052633125	21.2132034356	-520.1427	420.6275937828	-38.8908729653	-520.1427	445.3763311243	-21.2132034356	-520.1427
463.054000654	38.8908729653	-520.1427	438.3052633125	21.2132034356	-520.1427	420.6275937828	-38.8908729653	-520.1427	445.3763311243	-21.2132034356	-520.1427
463.054000654	38.8908729653	-520.1427	438.3052633125	21.2132034356	-520.1427	420.6275937828	-38.8908729653	-520.1427	445.3763311243	-21.2132034356	-520.1427
463.054000654	38.8908729653	-520.1427	438.3052633125	21.2132034356	-520.1427	420.6275937828	-38.8908729653	-520.1427	445.3763311243	-21.2132034356	-520.1427
463.054000654	38.8908729653	-520.1427	438.3052633125	21.2132034356	-520.1427	420.6275937828	-38.8908729653	-520.1427	445.3763311243	-21.2132034356	-520.1427
463.054000654	38.8908729653	-520.1427	438.3052633125	21.2132034356	-520.1427	420.6275937828	-38.8908729653	-520.1427	445.3763311243	-21.2132034356	-520.1427
463.054000654	38.8908729653	-520.1427	438.3052633125	21.2132034356	-520.1427	420.6275937828	-38.8908729653	-520.1427	445.3763311243	-21.2132034356	-520.1427
463.054000654	38.8908729653	-520.1427	438.3052633125	21.2132034356	-520.1427	420.6275937828	-38.8908729653	-520.1427	445.3763311243	-21.2132034356	-520.1427
463.054000654	38.8908729653	-520.1427	438.3052633125	21.2132034356	-520.1427	420.6275937828	-38.8908729653	-520.1427	445.3763311243	-21.2132034356	-520.1427
463.054000654	38.8908729653	-520.1427	438.3052633125	21.2132034356	-520.1427	420.6275937828	-38.8908729653	-520.1427	445.3763311243	-21.2132034356	-520.1427
463.054000654	38.8908729653	-520.1427	438.3052633125	21.2132034356	-520.1427	420.6275937828	-38.8908729653	-520.1427	445.3763311243	-21.2132034356	-520.1427
463.054000654	38.8908729653	-520.1427	438.3052633125	21.2132034356	-520.1427	420.6275937828	-38.8908729653	-520.1427	445.3763311243	-21.2132034356	-520.1427
463.054000654	38.8908729653	-520.1427	438.3052633125	21.2132034356	-520.1427	420.6275937828	-38.8908729653	-520.1427	445.3763311243	-21.2132034356	-520.1427
463.054000654	38.8908729653	-520.1427	438.3052633125	21.2132034356	-520.1427	420.6275937828	-38.8908729653	-520.1427	445.3763311243	-21.2132034356	-520.1427
463.054000654	38.8908729653	-520.1427	438.3052633125	21.2132034356	-520.1427	420.6275937828	-38.8908729653	-520.1427	445.3763311243	-21.2132034356	-520.1427
463.054000654	38.8908729653	-520.1427	438.3052633125	21.2132034356	-520.1427	420.6275937828	-38.8908729653	-520.1427	445.3763311243	-21.2132034356	-520.1427
463.054000654	38.8908729653	-520.1427	438.3052633125	21.2132034356	-520.1427	420.6275937828	-38.8908729653	-520.1427	445.3763311243	-21.2132034356	-520.1427
463.054000654	38.8908729653	-520.1427	438.3052633125	21.2132034356	-520.1427	420.6275937828	-38.8908729653	-520.1427	445.3763311243	-21.2132034356	-520.1427
463.054000654	38.8908729653	-520.1427	438.3052633125	21.2132034356	-520.1427	420.6275937828	-38.8908729653	-520.1427	445.3763311243	-21.2132034356	-520.1427
463.054000654	38.8908729653	-520.1427	438.3052633125	21.2132034356	-520.1427	420.6275937828	-38.8908729653	-520.1427	445.3763311243	-21.2132034356	-520.1427
463.054000654	38.8908729653	-520.1427	438.3457403704	21.1727263777	-519.600872417	420.6275937828	-38.8908729653	-520.1427	445.3763311243	-21.2132034356	-520.1427
463.054000654	38.8908729653	-520.1427	438.6238079267	20.8946588214	-518.034105094	420.6275937828	-38.8908729653	-520.1427	445.3763311243	-21.2132034356	-520.1427
463.054000654	38.8908729653	-520.1427	439.3513098627	20.1671568854	-515.6121815812	420.6275937828	-38.8908729653	-520.1427	445.3763311243	-21.2132034356	-520.1427
463.054000654	38.8908729653	-520.1427	440.6913868709	18.8270798772	-512.5975548714	420.6275937828	-38.8908729653	-520.1427	445.3763311243	-21.2132034356	-520.1427
463.054000654	38.8908729653	-520.1427	442.7407976298	16.7776691182	-509.3169065453	420.6275937828	-38.8908729653	-520.1427	445.3763311243	-21.2132034356	-520.1427
463.054000654	38.8908729653	-520.1427	445.5194334995	13.9990332486	-506.1257457535	420.6275937828	-38.8908729653	-520.1427	445.3763311243	-21.2132034356	-520.1427
463.054000654	38.8908729653	-520.1427	448.9681629841	10.550303764	-503.3698842837	420.6275937828	-38.8908729653	-520.1427	445.3763311243	-21.2132034356	-520.1427
463.054000654	38.8908729653	-520.1427	452.9552395472	6.5632272009	-501.3479624879	420.6275937828	-38.8908729653	-520.1427	445.3763311243	-21.2132034356	-520.1427
463.054000654	38.8908729653	-520.1427	457.2905783929	2.2278883552	-500.279086966	420.6275937828	-38.8908729653	-520.1427	445.3763311243	-21.2132034356	-520.1427
463.054000654	38.8908729653	-520.1427	461.7463551033	-2.2278883552	-500.279086966	420.6275937828	-38.8908729653	-520.1427	445.3763311243	-21.2132034356	-520.1427
463.054000654	38.8908729653	-520.1427	466.081693949	-6.5632272009	-501.3479624879	420.6275937828	-38.8908729653	-520.1427	445.3763311243	-21.2132034356	-520.1427
463.054000654	38.8908729653	-520.1427	470.0687705121	-10.550303764	-503.3698842837	420.6275937828	-38.8908729653	-520.1427	445.3763311243	-21.2132034356	-520.1427
463.054000654	38.8908729653	-520.1427	473.5174999967	-13.9990332486	-506.1257457535	420.6275937828	-38.8908729653	-520.1427	445.3763311243	-21.2132034356	-520.1427
463.054000654	38.8908729653	-520.1427	476.2961358663	-16.7776691182	-509.3169065453	420.6275937828	-38.8908729653	-520.1427	445.3763311243	-21.2132034356	-520.1427
463.054000654	38.8908729653	-520.1427	478.3455466252	-18.8270798772	-512.5975548714	420.6275937828	-38.8908729653	-520.1427	445.3763311243	-21.2132034356	-520.1427
463.054000654	38.8908729653	-520.1427	479.6856236335	-20.1671568854	-515.6121815812	420.6275937828	-38.8908729653	-520.1427	445.3763311243	-21.2132034356	-520.1427
463.054000654	38.8908729653	-520.1427	480.4131255695	-20.8946588214	-518.034105094	420.6275937828	-38.8908729653	-520.1427	445.3763311243	-21.2132034356	-520.1427
463.054000654	38.8908729653	-520.1427	480.6911931258	-21.1727263777	-519.600872417	420.6275937828	-38.8908729653	-520.1427	445.3763311243	-21.2132034356	-520.1427
463.054000654	38.8908729653	-520.1427	480.7316701837	-21.2132034356	-520.1427	420.6275937828	-38.8908729653	-520.1427	445.3763311243	-21.2132034356	-520.1427
463.054000654	38.8908729653	-520.1427	480.7316701837	-21.2132034356	-520.1427	420.6275937828	-38.8908729653	-520.1427	445.3763311243	-21.2132034356	-520.1427
462.4957584583	35.5414197912	-520.1427	477.3822170096	-20.6549612399	-520.1427	421.1858359785	-35.5414197912	-520.1427	448.7257842984	-21.7714456313	-520.1427
461.9375162627	32.1919666172	-520.1427	474.0327638356	-20.0967190442	-520.1427	421.7440781742	-32.1919666172	-520.1427	452.0752374724	-22.3296878269	-520.1427
461.379274067	28.8425134431	-520.1427	470.6833106615	-19.5384768486	-520.1427	422.3023203698	-28.8425134431	-520.1427	455.4246906465	-22.8879300226	-520.1427
460.8210318713	25.4930602691	-520.1427	467.3338574875	-18.9802346529	-520.1427	422.8605625655	-25.4930602691	-520.1427	458.7741438205	-23.4461722183	-520.1427
460.2627896756	22.1436070951	-520.1427	463.9844043135	-18.4219924572	-520.1427	423.4188047612	-22.1436070951	-520.1427	462.1235969945	-24.004414414	-520.1427
459.70454748	18.794153921	-520.1427	460.6349511394	-17.8637502616	-520.1427	423.9770469569	-18.794153921	-520.1427	465.4730501686	-24.5626566096	-520.1427
459.1463052843	15.444700747	-520.1427	457.2854979654	-17.3055080659	-520.1427	424.5352891525	-15.444700747	-520.1427	468.8225033426	-25.1208988053	-520.1427
458.5880630886	12.0952475729	-520.1427	453.9360447913	-16.7472658702	-520.1427	425.0935313482	-12.0952475729	-520.1427	472.1719565167	-25.679141001	-520.1427
458.0298208929	8.7457943989	-520.1427	450.5865916173	-16.1890236745	-520.1427	425.6517735439	-8.7457943989	-520.1427	475.5214096907	-26.2373831967	-520.1427
457.4715786973	5.3963412248	-520.1427	447.2371384433	-15.6307814789	-520.1427	426.2100157395	-5.3963412248	-520.1427	478.8708628648	-26.7956253923	-520.1427
456.9133365016	2.0468880508	-520.1427	443.8876852692	-15.0725392832	-520.1427	426.7682579352	-2.0468880508	-520.1427	482.2203160388	-27.353867588	-520.1427
456.3550943059	-1.3025651232	-520.1427	440.5382320952	-14.5142970875	-520.1427	427.3265001309	1.3025651232	-520.1427	485.5697692128	-27.9121097837	-520.1427
455.7968521102	-4.6520182973	-520.1427	437.1887789211	-13.9560548918	-520.1427	427.8847423266	4.6520182973	-520.1427	488.9192223869	-28.4703519794	-520.1427
455.2386099146	-8.0014714713	-520.1427	433.8393257471	-13.3978126962	-520.1427	428.4429845222	8.0014714713	-520.1427	492.2686755609	-29.028594175	-520.1427
454.6803677189	-11.3509246454	-520.1427	430.489872573	-12.8395705005	-520.1427	429.0012267179	11.3509246454	-520.1427	495.618128735	-29.5868363707	-520.1427
454.1221255232	-14.7003778194	-520.1427	427.140419399	-12.2813283048	-520.1427	429.5594689136	14.7003778194	-520.1427	498.967581909	-30.1450785664	-520.1427
453.5638833276	-18.0498309934	-520.1427	423.790966225	-11.7230861091	-520.1427	430.1177111093	18.0498309934	-520.1427	502.317035083	-30.703320762	-520.1427
453.0056411319	-21.3992841675	-520.1427	420.4415130509	-11.1648439135	-520.1427	430.6759533049	21.3992841675	-520.1427	505.6664882571	-31.2615629577	-520.1427
452.4473989362	-24.7487373415	-520.1427	417.0920598769	-10.6066017178	-520.1427	431.2341955006	24.7487373415	-520.1427	509.0159414311	-31.8198051534	-520.1427
452.4473989362	-24.7487373415	-520.1427	417.0920598769	-10.6066017178	-520.1427	431.2341955006	24.7487373415	-520.1427	509.0159414311	-31.8198051534	-520.1427
452.4473989362	-24.7487373415	-520.1427	417.0920598769	-10.6066017178	-520.1427	431.2341955006	24.7487373415	-520.1427	508.9754643732	-31.7793280955	-519.600872417
452.4473989362	-24.7487373415	-520.1427	417.0920598769	-10.6066017178	-520.1427	431.2341955006	24.7487373415	-520.1427	508.6973968169	-31.5012605392	-518.034105094
452.4473989362	-24.7487373415	-520.1427	417.0920598769	-10.6066017178	-520.1427	431.2341955006	24.7487373415	-520.1427	507.9698948809	-30.7737586032	-515.6121815812
452.4473989362	-24.7487373415	-520.1427	417.0920598769	-10.6066017178	-520.1427	431.2341955006	24.7487373415	-520.1427	506.6298178727	-29.433681595	-512.5975548714
452.4473989362	-24.7487373415	-520.1427	417.0920598769	-10.6066017178	-520.1427	431.2341955006	24.7487373415	-520.1427	504.5804071138	-27.384270836	-509.3169065453
452.4473989362	-24.7487373415	-520.1427	417.0920598769	-10.6066017178	-520.1427	431.2341955006	24.7487373415	-520.1427	501.8017712441	-24.6056349664	-506.1257457535
452.4473989362	-24.7487373415	-520.1427	417.0920598769	-10.6066017178	-520.1427	431.2341955006	24.7487373415	-520.1427	498.3530417595	-21.1569054818	-503.3698842837
452.4473989362	-24.7487373415	-520.1427	417.0920598769	-10.6066017178	-520.1427	431.2341955006	24.7487373415	-520.1427	494.3659651965	-17.1698289187	-501.3479624879
452.4473989362	-24.7487373415	-520.1427	417.0920598769	-10.6066017178	-520.1427	431.2341955006	24.7487373415	-520.1427	490.0306263507	-12.834490073	-500.279086966
452.4473989362	-24.7487373415	-520.1427	417.0920598769	-10.6066017178	-520.1427	431.2341955006	24.7487373415	-520.1427	485.5748496403	-8.3787133626	-500.279086966
452.4473989362	-24.7487373415	-520.1427	417.0920598769	-10.6066017178	-520.1427	431.2341955006	24.7487373415	-520.1427	481.2395107946	-4.0433745169	-501.3479624879
452.4473989362	-24.7487373415	-520.1427	417.0920598769	-10.6066017178	-520.1427	431.2341955006	24.7487373415	-520.1427	477.2524342316	-0.0562979538	-503.3698842837
452.4473989362	-24.7487373415	-520.1427	417.0920598769	-10.6066017178	-520.1427	431.2341955006	24.7487373415	-520.1427	473.8037047469	3.3924315308	-506.1257457535
452.4473989362	-24.7487373415	-520.1427	417.0920598769	-10.6066017178	-520.1427	431.2341955006	24.7487373415	-520.1427	471.0250688773	6.1710674004	-509.3169065453
452.4473989362	-24.7487373415	-520.1427	417.0920598769	-10.6066017178	-520.1427	431.2341955006	24.7487373415	-520.1427	468.9756581184	8.2204781594	-512.5975548714
452.4473989362	-24.7487373415	-520.1427	417.0920598769	-10.6066017178	-520.1427	431.2341955006	24.7487373415	-520.1427	467.6355811101	9.5605551676	-515.6121815812
452.4473989362	-24.7487373415	-520.1427	417.0920598769	-10.6066017178	-520.1427	431.2341955006	24.7487373415	-520.1427	466.9080791741	10.2880571036	-518.034105094
452.4473989362	-24.7487373415	-520.1427	417.0920598769	-10.6066017178	-520.1427	431.2341955006	24.7487373415	-520.1427	466.6300116178	10.5661246599	-519.600872417
452.4473989362	-24.7487373415	-520.1427	417.0920598769	-10.6066017178	-520.1427	431.2341955006	24.7487373415	-520.1427	466.5895345599	10.6066017178	-520.1427
452.4473989362	-24.7487373415	-520.1427	417.0920598769	-10.6066017178	-520.1427	431.2341955006	24.7487373415	-520.1427	466.5895345599	10.6066017178	-520.1427
453.0986814978	-24.0974547799	-520.1427	417.7433424385	-11.2578842794	-520.1427	430.582912939	24.0974547799	-520.1427	465.9382519983	11.2578842794	-520.1427
453.7499640594	-23.4461722183	-520.1427	418.3946250001	-11.909166841	-520.1427	429.9316303774	23.4461722183	-520.1427	465.2869694367	11.909166841	-520.1427
454.4012466211	-22.7948896567	-520.1427	419.0459075617	-12.5604494027	-520.1427	429.2803478158	22.7948896567	-520.1427	464.6356868751	12.5604494027	-520.1427
455.0525291827	-22.1436070951	-520.1427	419.6971901234	-13.2117319643	-520.1427	428.6290652541	22.1436070951	-520.1427	463.9844043135	13.2117319643	-520.1427
455.7038117443	-21.4923245334	-520.1427	420.348472685	-13.8630145259	-520.1427	427.9777826925	21.4923245334	-520.1427	463.3331217518	13.8630145259	-520.1427
456.3550943059	-20.8410419718	-520.1427	420.9997552466	-14.5142970875	-520.1427	427.3265001309	20.8410419718	-520.1427	462.6818391902	14.5142970875	-520.1427
457.0063768675	-20.1897594102	-520.1427	421.6510378082	-15.1655796491	-520.1427	426.6752175693	20.1897594102	-520.1427	462.0305566286	15.1655796491	-520.1427
457.6576594292	-19.5384768486	-520.1427	422.3023203698	-15.8168622108	-520.1427	426.0239350077	19.5384768486	-520.1427	461.379274067	15.8168622108	-520.1427
458.3089419908	-18.887194287	-520.1427	422.9536029314	-16.4681447724	-520.1427	425.372652446	18.887194287	-520.1427	460.7279915054	16.4681447724	-520.1427
458.9602245524	-18.2359117253	-520.1427	423.6048854931	-17.119427334	-520.1427	424.7213698844	18.2359117253	-520.1427	460.0767089437	17.119427334	-520.1427
459.611507114	-17.5846291637	-520.1427	424.2561680547	-17.7707098956	-520.1427	424.0700873228	17.5846291637	-520.1427	459.4254263821	17.7707098956	-520.1427
460.2627896756	-16.9333466021	-520.1427	424.9074506163	-18.4219924572	-520.1427	423.4188047612	16.9333466021	-520.1427	458.7741438205	18.4219924572	-520.1427
460.9140722373	-16.2820640405	-520.1427	425.5587331779	-19.0732750188	-520.1427	422.7675221996	16.2820640405	-520.1427	458.1228612589	19.0732750188	-520.1427
461.5653547989	-15.6307814789	-520.1427	426.2100157395	-19.7245575805	-520.1427	422.1162396379	15.6307814789	-520.1427	457.4715786973	19.7245575805	-520.1427
462.2166373605	-14.9794989172	-520.1427	426.8612983012	-20.3758401421	-520.1427	421.4649570763	14.9794989172	-520.1427	456.8202961356	20.3758401421	-520.1427
462.8679199221	-14.3282163556	-520.1427	427.5125808628	-21.0271227037	-520.1427	420.8136745147	14.3282163556	-520.1427	456.169013574	21.0271227037	-520.1427
463.5192024837	-13.676933794	-520.1427	428.1638634244	-21.6784052653	-520.1427	420.1623919531	13.676933794	-520.1427	455.5177310124	21.6784052653	-520.1427
464.1704850453	-13.0256512324	-520.1427	428.815145986	-22.3296878269	-520.1427	419.5111093915	13.0256512324	-520.1427	454.8664484508	22.3296878269	-520.1427
464.821767607	-12.3743686708	-520.1427	429.4664285476	-22.9809703886	-520.1427	418.8598268298	12.3743686708	-520.1427	454.2151658892	22.9809703886	-520.1427

