441.841 443.05 444.26 445.469 446.679 447.888 449.098 450.307 451.517 452.727 
-5.4e-15 0.0930404 0.186081 0.279121 0.372161 0.465202 0.558242 0.651283 0.744323 0.837363 
-520.143 -520.143 -520.143 -520.143 -520.143 -520.143 -520.143 -520.143 -520.143 -520.143 
441.841 443.05 444.26 445.469 446.679 447.888 449.098 450.307 451.517 452.727 
-5.4e-15 0.0930404 0.186081 0.279121 0.372161 0.465202 0.558242 0.651283 0.744323 0.837363 
-520.143 -520.143 -520.143 -520.143 -520.143 -520.143 -520.143 -520.143 -520.143 -520.143 
441.841 443.05 444.26 445.469 446.679 447.888 449.098 450.307 451.517 452.727 
-5.4e-15 0.0930404 0.186081 0.279121 0.372161 0.465202 0.558242 0.651283 0.744323 0.837363 
-520.143 -520.143 -520.143 -520.143 -520.143 -520.143 -520.143 -520.143 -520.143 -520.143 
441.841 443.05 444.26 445.469 446.679 447.888 449.098 450.307 451.517 452.727 
-5.4e-15 0.0930404 0.186081 0.279121 0.372161 0.465202 0.558242 0.651283 0.744323 0.837363 
-520.143 -520.143 -520.143 -520.143 -520.143 -520.143 -520.143 -520.143 -520.143 -520.143 
