441.8407972184	-5.40E-15	-520.1427	441.8407972184	5.40E-15	-520.1427	441.8407972184	2.42E-14	-520.1427	441.8407972184	3.83E-14	-520.1427
443.0503219757	0.0930403659	-520.1427	441.9338375844	-1.2095247573	-520.1427	440.6312724611	-0.0930403659	-520.1427	441.7477568525	1.2095247573	-520.1427
444.259846733	0.1860807319	-520.1427	442.0268779503	-2.4190495146	-520.1427	439.4217477038	-0.1860807319	-520.1427	441.6547164865	2.4190495146	-520.1427
445.4693714903	0.2791210978	-520.1427	442.1199183162	-3.6285742719	-520.1427	438.2122229465	-0.2791210978	-520.1427	441.5616761206	3.6285742719	-520.1427
446.6788962476	0.3721614638	-520.1427	442.2129586822	-4.8380990292	-520.1427	437.0026981892	-0.3721614638	-520.1427	441.4686357546	4.8380990292	-520.1427
447.8884210049	0.4652018297	-520.1427	442.3059990481	-6.0476237865	-520.1427	435.7931734319	-0.4652018297	-520.1427	441.3755953887	6.0476237865	-520.1427
449.0979457622	0.5582421957	-520.1427	442.3990394141	-7.2571485438	-520.1427	434.5836486746	-0.5582421957	-520.1427	441.2825550227	7.2571485438	-520.1427
450.3074705195	0.6512825616	-520.1427	442.49207978	-8.466673301	-520.1427	433.3741239174	-0.6512825616	-520.1427	441.1895146568	8.466673301	-520.1427
451.5169952767	0.7443229276	-520.1427	442.585120146	-9.6761980583	-520.1427	432.1645991601	-0.7443229276	-520.1427	441.0964742908	9.6761980583	-520.1427
452.726520034	0.8373632935	-520.1427	442.6781605119	-10.8857228156	-520.1427	430.9550744028	-0.8373632935	-520.1427	441.0034339249	10.8857228156	-520.1427
453.9360447913	0.9304036595	-520.1427	442.7712008779	-12.0952475729	-520.1427	429.7455496455	-0.9304036595	-520.1427	440.9103935589	12.0952475729	-520.1427
455.1455695486	1.0234440254	-520.1427	442.8642412438	-13.3047723302	-520.1427	428.5360248882	-1.0234440254	-520.1427	440.817353193	13.3047723302	-520.1427
456.3550943059	1.1164843913	-520.1427	442.9572816098	-14.5142970875	-520.1427	427.3265001309	-1.1164843913	-520.1427	440.7243128271	14.5142970875	-520.1427
457.5646190632	1.2095247573	-520.1427	443.0503219757	-15.7238218448	-520.1427	426.1169753736	-1.2095247573	-520.1427	440.6312724611	15.7238218448	-520.1427
458.7741438205	1.3025651232	-520.1427	443.1433623416	-16.9333466021	-520.1427	424.9074506163	-1.3025651232	-520.1427	440.5382320952	16.9333466021	-520.1427
459.9836685778	1.3956054892	-520.1427	443.2364027076	-18.1428713594	-520.1427	423.697925859	-1.3956054892	-520.1427	440.4451917292	18.1428713594	-520.1427
461.1931933351	1.4886458551	-520.1427	443.3294430735	-19.3523961167	-520.1427	422.4884011017	-1.4886458551	-520.1427	440.3521513633	19.3523961167	-520.1427
462.4027180924	1.5816862211	-520.1427	443.4224834395	-20.561920874	-520.1427	421.2788763444	-1.5816862211	-520.1427	440.2591109973	20.561920874	-520.1427
463.6122428497	1.674726587	-520.1427	443.5155238054	-21.7714456313	-520.1427	420.0693515871	-1.674726587	-520.1427	440.1660706314	21.7714456313	-520.1427
464.821767607	1.767766953	-520.1427	443.6085641714	-22.9809703886	-520.1427	418.8598268298	-1.767766953	-520.1427	440.0730302654	22.9809703886	-520.1427
464.821767607	1.767766953	-520.1427	443.6085641714	-22.9809703886	-520.1427	418.8598268298	-1.767766953	-520.1427	440.0730302654	22.9809703886	-520.1427
464.8689908412	1.8149901872	-519.600872417	443.6085641714	-22.9809703886	-520.1427	418.8598268298	-1.767766953	-520.1427	440.0730302654	22.9809703886	-520.1427
465.1934029902	2.1394023362	-518.034105094	443.6085641714	-22.9809703886	-520.1427	418.8598268298	-1.767766953	-520.1427	440.0730302654	22.9809703886	-520.1427
466.0421552489	2.9881545949	-515.6121815812	443.6085641714	-22.9809703886	-520.1427	418.8598268298	-1.767766953	-520.1427	440.0730302654	22.9809703886	-520.1427
467.6055784251	4.5515777711	-512.5975548714	443.6085641714	-22.9809703886	-520.1427	418.8598268298	-1.767766953	-520.1427	440.0730302654	22.9809703886	-520.1427
469.9965576439	6.9425569899	-509.3169065453	443.6085641714	-22.9809703886	-520.1427	418.8598268298	-1.767766953	-520.1427	440.0730302654	22.9809703886	-520.1427
473.2382994918	10.1842988378	-506.1257457535	443.6085641714	-22.9809703886	-520.1427	418.8598268298	-1.767766953	-520.1427	440.0730302654	22.9809703886	-520.1427
477.2618172239	14.2078165699	-503.3698842837	443.6085641714	-22.9809703886	-520.1427	418.8598268298	-1.767766953	-520.1427	440.0730302654	22.9809703886	-520.1427
481.9134065474	18.8594058934	-501.3479624879	443.6085641714	-22.9809703886	-520.1427	418.8598268298	-1.767766953	-520.1427	440.0730302654	22.9809703886	-520.1427
486.9713018674	23.9173012134	-500.279086966	443.6085641714	-22.9809703886	-520.1427	418.8598268298	-1.767766953	-520.1427	440.0730302654	22.9809703886	-520.1427
492.1697080296	29.1157073756	-500.279086966	443.6085641714	-22.9809703886	-520.1427	418.8598268298	-1.767766953	-520.1427	440.0730302654	22.9809703886	-520.1427
497.2276033496	34.1736026956	-501.3479624879	443.6085641714	-22.9809703886	-520.1427	418.8598268298	-1.767766953	-520.1427	440.0730302654	22.9809703886	-520.1427
501.8791926731	38.8251920191	-503.3698842837	443.6085641714	-22.9809703886	-520.1427	418.8598268298	-1.767766953	-520.1427	440.0730302654	22.9809703886	-520.1427
505.9027104052	42.8487097512	-506.1257457535	443.6085641714	-22.9809703886	-520.1427	418.8598268298	-1.767766953	-520.1427	440.0730302654	22.9809703886	-520.1427
509.1444522531	46.0904515991	-509.3169065453	443.6085641714	-22.9809703886	-520.1427	418.8598268298	-1.767766953	-520.1427	440.0730302654	22.9809703886	-520.1427
511.5354314719	48.4814308178	-512.5975548714	443.6085641714	-22.9809703886	-520.1427	418.8598268298	-1.767766953	-520.1427	440.0730302654	22.9809703886	-520.1427
513.0988546481	50.0448539941	-515.6121815812	443.6085641714	-22.9809703886	-520.1427	418.8598268298	-1.767766953	-520.1427	440.0730302654	22.9809703886	-520.1427
513.9476069068	50.8936062528	-518.034105094	443.6085641714	-22.9809703886	-520.1427	418.8598268298	-1.767766953	-520.1427	440.0730302654	22.9809703886	-520.1427
514.2720190558	51.2180184018	-519.600872417	443.6085641714	-22.9809703886	-520.1427	418.8598268298	-1.767766953	-520.1427	440.0730302654	22.9809703886	-520.1427
514.31924229	51.265241636	-520.1427	443.6085641714	-22.9809703886	-520.1427	418.8598268298	-1.767766953	-520.1427	440.0730302654	22.9809703886	-520.1427
514.31924229	51.265241636	-520.1427	443.6085641714	-22.9809703886	-520.1427	418.8598268298	-1.767766953	-520.1427	440.0730302654	22.9809703886	-520.1427
511.9932331414	51.1722012701	-520.1427	443.5155238054	-20.6549612399	-520.1427	421.1858359785	-1.674726587	-520.1427	440.1660706314	20.6549612399	-520.1427
509.6672239927	51.0791609041	-520.1427	443.4224834395	-18.3289520913	-520.1427	423.5118451271	-1.5816862211	-520.1427	440.2591109973	18.3289520913	-520.1427
507.3412148441	50.9861205382	-520.1427	443.3294430735	-16.0029429426	-520.1427	425.8378542758	-1.4886458551	-520.1427	440.3521513633	16.0029429426	-520.1427
505.0152056955	50.8930801722	-520.1427	443.2364027076	-13.676933794	-520.1427	428.1638634244	-1.3956054892	-520.1427	440.4451917292	13.676933794	-520.1427
502.6891965468	50.8000398063	-520.1427	443.1433623416	-11.3509246454	-520.1427	430.489872573	-1.3025651232	-520.1427	440.5382320952	11.3509246454	-520.1427
500.3631873982	50.7069994404	-520.1427	443.0503219757	-9.0249154967	-520.1427	432.8158817217	-1.2095247573	-520.1427	440.6312724611	9.0249154967	-520.1427
498.0371782495	50.6139590744	-520.1427	442.9572816098	-6.6989063481	-520.1427	435.1418908703	-1.1164843913	-520.1427	440.7243128271	6.6989063481	-520.1427
495.7111691009	50.5209187085	-520.1427	442.8642412438	-4.3728971994	-520.1427	437.467900019	-1.0234440254	-520.1427	440.817353193	4.3728971994	-520.1427
493.3851599523	50.4278783425	-520.1427	442.7712008779	-2.0468880508	-520.1427	439.7939091676	-0.9304036595	-520.1427	440.9103935589	2.0468880508	-520.1427
491.0591508036	50.3348379766	-520.1427	442.6781605119	0.2791210978	-520.1427	442.1199183162	-0.8373632935	-520.1427	441.0034339249	-0.2791210978	-520.1427
488.733141655	50.2417976106	-520.1427	442.585120146	2.6051302465	-520.1427	444.4459274649	-0.7443229276	-520.1427	441.0964742908	-2.6051302465	-520.1427
486.4071325063	50.1487572447	-520.1427	442.49207978	4.9311393951	-520.1427	446.7719366135	-0.6512825616	-520.1427	441.1895146568	-4.9311393951	-520.1427
484.0811233577	50.0557168787	-520.1427	442.3990394141	7.2571485438	-520.1427	449.0979457622	-0.5582421957	-520.1427	441.2825550227	-7.2571485438	-520.1427
481.7551142091	49.9626765128	-520.1427	442.3059990481	9.5831576924	-520.1427	451.4239549108	-0.4652018297	-520.1427	441.3755953887	-9.5831576924	-520.1427
479.4291050604	49.8696361468	-520.1427	442.2129586822	11.909166841	-520.1427	453.7499640594	-0.3721614638	-520.1427	441.4686357546	-11.909166841	-520.1427
477.1030959118	49.7765957809	-520.1427	442.1199183162	14.2351759897	-520.1427	456.0759732081	-0.2791210978	-520.1427	441.5616761206	-14.2351759897	-520.1427
474.7770867631	49.6835554149	-520.1427	442.0268779503	16.5611851383	-520.1427	458.4019823567	-0.1860807319	-520.1427	441.6547164865	-16.5611851383	-520.1427
472.4510776145	49.590515049	-520.1427	441.9338375844	18.887194287	-520.1427	460.7279915054	-0.0930403659	-520.1427	441.7477568525	-18.887194287	-520.1427
470.1250684659	49.4974746831	-520.1427	441.8407972184	21.2132034356	-520.1427	463.054000654	2.66E-14	-520.1427	441.8407972184	-21.2132034356	-520.1427
470.1250684659	49.4974746831	-520.1427	441.8407972184	21.2132034356	-520.1427	463.054000654	0	-520.1427	441.8407972184	-21.2132034356	-520.1427
470.1250684659	49.4974746831	-520.1427	441.8407972184	21.2132034356	-520.1427	463.0067774198	-0.0472232342	-519.600872417	441.8407972184	-21.2132034356	-520.1427
470.1250684659	49.4974746831	-520.1427	441.8407972184	21.2132034356	-520.1427	462.6823652708	-0.3716353832	-518.034105094	441.8407972184	-21.2132034356	-520.1427
470.1250684659	49.4974746831	-520.1427	441.8407972184	21.2132034356	-520.1427	461.8336130121	-1.2203876419	-515.6121815812	441.8407972184	-21.2132034356	-520.1427
470.1250684659	49.4974746831	-520.1427	441.8407972184	21.2132034356	-520.1427	460.2701898358	-2.7838108182	-512.5975548714	441.8407972184	-21.2132034356	-520.1427
470.1250684659	49.4974746831	-520.1427	441.8407972184	21.2132034356	-520.1427	457.8792106171	-5.1747900369	-509.3169065453	441.8407972184	-21.2132034356	-520.1427
470.1250684659	49.4974746831	-520.1427	441.8407972184	21.2132034356	-520.1427	454.6374687692	-8.4165318848	-506.1257457535	441.8407972184	-21.2132034356	-520.1427
470.1250684659	49.4974746831	-520.1427	441.8407972184	21.2132034356	-520.1427	450.6139510371	-12.4400496169	-503.3698842837	441.8407972184	-21.2132034356	-520.1427
470.1250684659	49.4974746831	-520.1427	441.8407972184	21.2132034356	-520.1427	445.9623617135	-17.0916389405	-501.3479624879	441.8407972184	-21.2132034356	-520.1427
470.1250684659	49.4974746831	-520.1427	441.8407972184	21.2132034356	-520.1427	440.9044663935	-22.1495342605	-500.279086966	441.8407972184	-21.2132034356	-520.1427
470.1250684659	49.4974746831	-520.1427	441.8407972184	21.2132034356	-520.1427	435.7060602314	-27.3479404226	-500.279086966	441.8407972184	-21.2132034356	-520.1427
470.1250684659	49.4974746831	-520.1427	441.8407972184	21.2132034356	-520.1427	430.6481649114	-32.4058357426	-501.3479624879	441.8407972184	-21.2132034356	-520.1427
470.1250684659	49.4974746831	-520.1427	441.8407972184	21.2132034356	-520.1427	425.9965755878	-37.0574250662	-503.3698842837	441.8407972184	-21.2132034356	-520.1427
470.1250684659	49.4974746831	-520.1427	441.8407972184	21.2132034356	-520.1427	421.9730578558	-41.0809427982	-506.1257457535	441.8407972184	-21.2132034356	-520.1427
470.1250684659	49.4974746831	-520.1427	441.8407972184	21.2132034356	-520.1427	418.7313160079	-44.3226846462	-509.3169065453	441.8407972184	-21.2132034356	-520.1427
470.1250684659	49.4974746831	-520.1427	441.8407972184	21.2132034356	-520.1427	416.3403367891	-46.7136638649	-512.5975548714	441.8407972184	-21.2132034356	-520.1427
470.1250684659	49.4974746831	-520.1427	441.8407972184	21.2132034356	-520.1427	414.7769136128	-48.2770870412	-515.6121815812	441.8407972184	-21.2132034356	-520.1427
470.1250684659	49.4974746831	-520.1427	441.8407972184	21.2132034356	-520.1427	413.9281613542	-49.1258392998	-518.034105094	441.8407972184	-21.2132034356	-520.1427
470.1250684659	49.4974746831	-520.1427	441.8407972184	21.2132034356	-520.1427	413.6037492052	-49.4502514488	-519.600872417	441.8407972184	-21.2132034356	-520.1427
470.1250684659	49.4974746831	-520.1427	441.8407972184	21.2132034356	-520.1427	413.5565259709	-49.4974746831	-520.1427	441.8407972184	-21.2132034356	-520.1427
470.1250684659	49.4974746831	-520.1427	441.8407972184	21.2132034356	-520.1427	413.5565259709	-49.4974746831	-520.1427	441.8407972184	-21.2132034356	-520.1427
470.1250684659	49.4974746831	-520.1427	441.8407972184	21.2132034356	-520.1427	413.5565259709	-49.4974746831	-520.1427	441.8407972184	-21.2132034356	-520.1427
470.1250684659	49.4974746831	-520.1427	441.8407972184	21.2132034356	-520.1427	413.5565259709	-49.4974746831	-520.1427	441.8407972184	-21.2132034356	-520.1427
470.1250684659	49.4974746831	-520.1427	441.8407972184	21.2132034356	-520.1427	413.5565259709	-49.4974746831	-520.1427	441.8407972184	-21.2132034356	-520.1427
470.1250684659	49.4974746831	-520.1427	441.8407972184	21.2132034356	-520.1427	413.5565259709	-49.4974746831	-520.1427	441.8407972184	-21.2132034356	-520.1427
470.1250684659	49.4974746831	-520.1427	441.8407972184	21.2132034356	-520.1427	413.5565259709	-49.4974746831	-520.1427	441.8407972184	-21.2132034356	-520.1427
470.1250684659	49.4974746831	-520.1427	441.8407972184	21.2132034356	-520.1427	413.5565259709	-49.4974746831	-520.1427	441.8407972184	-21.2132034356	-520.1427
470.1250684659	49.4974746831	-520.1427	441.8407972184	21.2132034356	-520.1427	413.5565259709	-49.4974746831	-520.1427	441.8407972184	-21.2132034356	-520.1427
470.1250684659	49.4974746831	-520.1427	441.8407972184	21.2132034356	-520.1427	413.5565259709	-49.4974746831	-520.1427	441.8407972184	-21.2132034356	-520.1427
470.1250684659	49.4974746831	-520.1427	441.8407972184	21.2132034356	-520.1427	413.5565259709	-49.4974746831	-520.1427	441.8407972184	-21.2132034356	-520.1427
470.1250684659	49.4974746831	-520.1427	441.8407972184	21.2132034356	-520.1427	413.5565259709	-49.4974746831	-520.1427	441.8407972184	-21.2132034356	-520.1427
470.1250684659	49.4974746831	-520.1427	441.8407972184	21.2132034356	-520.1427	413.5565259709	-49.4974746831	-520.1427	441.8407972184	-21.2132034356	-520.1427
470.1250684659	49.4974746831	-520.1427	441.8407972184	21.2132034356	-520.1427	413.5565259709	-49.4974746831	-520.1427	441.8407972184	-21.2132034356	-520.1427
470.1250684659	49.4974746831	-520.1427	441.8407972184	21.2132034356	-520.1427	413.5565259709	-49.4974746831	-520.1427	441.8407972184	-21.2132034356	-520.1427
470.1250684659	49.4974746831	-520.1427	441.8407972184	21.2132034356	-520.1427	413.5565259709	-49.4974746831	-520.1427	441.8407972184	-21.2132034356	-520.1427
470.1250684659	49.4974746831	-520.1427	441.8407972184	21.2132034356	-520.1427	413.5565259709	-49.4974746831	-520.1427	441.8407972184	-21.2132034356	-520.1427
470.1250684659	49.4974746831	-520.1427	441.8407972184	21.2132034356	-520.1427	413.5565259709	-49.4974746831	-520.1427	441.8407972184	-21.2132034356	-520.1427
470.1250684659	49.4974746831	-520.1427	441.8407972184	21.2132034356	-520.1427	413.5565259709	-49.4974746831	-520.1427	441.8407972184	-21.2132034356	-520.1427
470.1250684659	49.4974746831	-520.1427	441.8407972184	21.2132034356	-520.1427	413.5565259709	-49.4974746831	-520.1427	441.8407972184	-21.2132034356	-520.1427
470.1250684659	49.4974746831	-520.1427	441.8407972184	21.2132034356	-520.1427	413.5565259709	-49.4974746831	-520.1427	441.8407972184	-21.2132034356	-520.1427
470.1250684659	49.4974746831	-520.1427	441.8407972184	21.2132034356	-520.1427	413.5565259709	-49.4974746831	-520.1427	441.8407972184	-21.2132034356	-520.1427
470.1250684659	49.4974746831	-520.1427	441.8880204526	21.1659802014	-519.600872417	413.5565259709	-49.4974746831	-520.1427	441.8407972184	-21.2132034356	-520.1427
470.1250684659	49.4974746831	-520.1427	442.2124326016	20.8415680524	-518.034105094	413.5565259709	-49.4974746831	-520.1427	441.8407972184	-21.2132034356	-520.1427
470.1250684659	49.4974746831	-520.1427	443.0611848603	19.9928157937	-515.6121815812	413.5565259709	-49.4974746831	-520.1427	441.8407972184	-21.2132034356	-520.1427
470.1250684659	49.4974746831	-520.1427	444.6246080366	18.4293926174	-512.5975548714	413.5565259709	-49.4974746831	-520.1427	441.8407972184	-21.2132034356	-520.1427
470.1250684659	49.4974746831	-520.1427	447.0155872553	16.0384133987	-509.3169065453	413.5565259709	-49.4974746831	-520.1427	441.8407972184	-21.2132034356	-520.1427
470.1250684659	49.4974746831	-520.1427	450.2573291032	12.7966715508	-506.1257457535	413.5565259709	-49.4974746831	-520.1427	441.8407972184	-21.2132034356	-520.1427
470.1250684659	49.4974746831	-520.1427	454.2808468353	8.7731538187	-503.3698842837	413.5565259709	-49.4974746831	-520.1427	441.8407972184	-21.2132034356	-520.1427
470.1250684659	49.4974746831	-520.1427	458.9324361589	4.1215644951	-501.3479624879	413.5565259709	-49.4974746831	-520.1427	441.8407972184	-21.2132034356	-520.1427
470.1250684659	49.4974746831	-520.1427	463.9903314789	-0.9363308249	-500.279086966	413.5565259709	-49.4974746831	-520.1427	441.8407972184	-21.2132034356	-520.1427
470.1250684659	49.4974746831	-520.1427	469.188737641	-6.134736987	-500.279086966	413.5565259709	-49.4974746831	-520.1427	441.8407972184	-21.2132034356	-520.1427
470.1250684659	49.4974746831	-520.1427	474.246632961	-11.192632307	-501.3479624879	413.5565259709	-49.4974746831	-520.1427	441.8407972184	-21.2132034356	-520.1427
470.1250684659	49.4974746831	-520.1427	478.8982222846	-15.8442216306	-503.3698842837	413.5565259709	-49.4974746831	-520.1427	441.8407972184	-21.2132034356	-520.1427
470.1250684659	49.4974746831	-520.1427	482.9217400166	-19.8677393626	-506.1257457535	413.5565259709	-49.4974746831	-520.1427	441.8407972184	-21.2132034356	-520.1427
470.1250684659	49.4974746831	-520.1427	486.1634818646	-23.1094812106	-509.3169065453	413.5565259709	-49.4974746831	-520.1427	441.8407972184	-21.2132034356	-520.1427
470.1250684659	49.4974746831	-520.1427	488.5544610833	-25.5004604293	-512.5975548714	413.5565259709	-49.4974746831	-520.1427	441.8407972184	-21.2132034356	-520.1427
470.1250684659	49.4974746831	-520.1427	490.1178842596	-27.0638836056	-515.6121815812	413.5565259709	-49.4974746831	-520.1427	441.8407972184	-21.2132034356	-520.1427
470.1250684659	49.4974746831	-520.1427	490.9666365182	-27.9126358642	-518.034105094	413.5565259709	-49.4974746831	-520.1427	441.8407972184	-21.2132034356	-520.1427
470.1250684659	49.4974746831	-520.1427	491.2910486672	-28.2370480132	-519.600872417	413.5565259709	-49.4974746831	-520.1427	441.8407972184	-21.2132034356	-520.1427
470.1250684659	49.4974746831	-520.1427	491.3382719015	-28.2842712475	-520.1427	413.5565259709	-49.4974746831	-520.1427	441.8407972184	-21.2132034356	-520.1427
470.1250684659	49.4974746831	-520.1427	491.3382719015	-28.2842712475	-520.1427	413.5565259709	-49.4974746831	-520.1427	441.8407972184	-21.2132034356	-520.1427
469.1946648064	45.5897793133	-520.1427	487.4305765317	-27.353867588	-520.1427	414.4869296304	-45.5897793133	-520.1427	445.7484925881	-22.1436070951	-520.1427
468.264261147	41.6820839436	-520.1427	483.522881162	-26.4234639285	-520.1427	415.4173332899	-41.6820839436	-520.1427	449.6561879578	-23.0740107545	-520.1427
467.3338574875	37.7743885739	-520.1427	479.6151857923	-25.4930602691	-520.1427	416.3477369493	-37.7743885739	-520.1427	453.5638833276	-24.004414414	-520.1427
466.403453828	33.8666932042	-520.1427	475.7074904226	-24.5626566096	-520.1427	417.2781406088	-33.8666932042	-520.1427	457.4715786973	-24.9348180734	-520.1427
465.4730501686	29.9589978345	-520.1427	471.7997950529	-23.6322529502	-520.1427	418.2085442682	-29.9589978345	-520.1427	461.379274067	-25.8652217329	-520.1427
464.5426465091	26.0513024648	-520.1427	467.8920996832	-22.7018492907	-520.1427	419.1389479277	-26.0513024648	-520.1427	465.2869694367	-26.7956253923	-520.1427
463.6122428497	22.1436070951	-520.1427	463.9844043135	-21.7714456313	-520.1427	420.0693515871	-22.1436070951	-520.1427	469.1946648064	-27.7260290518	-520.1427
462.6818391902	18.2359117253	-520.1427	460.0767089437	-20.8410419718	-520.1427	420.9997552466	-18.2359117253	-520.1427	473.1023601761	-28.6564327112	-520.1427
461.7514355308	14.3282163556	-520.1427	456.169013574	-19.9106383124	-520.1427	421.930158906	-14.3282163556	-520.1427	477.0100555458	-29.5868363707	-520.1427
460.8210318713	10.4205209859	-520.1427	452.2613182043	-18.9802346529	-520.1427	422.8605625655	-10.4205209859	-520.1427	480.9177509156	-30.5172400302	-520.1427
459.8906282119	6.5128256162	-520.1427	448.3536228346	-18.0498309934	-520.1427	423.790966225	-6.5128256162	-520.1427	484.8254462853	-31.4476436896	-520.1427
458.9602245524	2.6051302465	-520.1427	444.4459274649	-17.119427334	-520.1427	424.7213698844	-2.6051302465	-520.1427	488.733141655	-32.3780473491	-520.1427
458.0298208929	-1.3025651232	-520.1427	440.5382320952	-16.1890236745	-520.1427	425.6517735439	1.3025651232	-520.1427	492.6408370247	-33.3084510085	-520.1427
457.0994172335	-5.210260493	-520.1427	436.6305367255	-15.2586200151	-520.1427	426.5821772033	5.210260493	-520.1427	496.5485323944	-34.238854668	-520.1427
456.169013574	-9.1179558627	-520.1427	432.7228413557	-14.3282163556	-520.1427	427.5125808628	9.1179558627	-520.1427	500.4562277641	-35.1692583274	-520.1427
455.2386099146	-13.0256512324	-520.1427	428.815145986	-13.3978126962	-520.1427	428.4429845222	13.0256512324	-520.1427	504.3639231338	-36.0996619869	-520.1427
454.3082062551	-16.9333466021	-520.1427	424.9074506163	-12.4674090367	-520.1427	429.3733881817	16.9333466021	-520.1427	508.2716185036	-37.0300656463	-520.1427
453.3778025957	-20.8410419718	-520.1427	420.9997552466	-11.5370053773	-520.1427	430.3037918412	20.8410419718	-520.1427	512.1793138733	-37.9604693058	-520.1427
452.4473989362	-24.7487373415	-520.1427	417.0920598769	-10.6066017178	-520.1427	431.2341955006	24.7487373415	-520.1427	516.087009243	-38.8908729653	-520.1427
452.4473989362	-24.7487373415	-520.1427	417.0920598769	-10.6066017178	-520.1427	431.2341955006	24.7487373415	-520.1427	516.087009243	-38.8908729653	-520.1427
452.4473989362	-24.7487373415	-520.1427	417.0920598769	-10.6066017178	-520.1427	431.2341955006	24.7487373415	-520.1427	516.0397860088	-38.843649731	-519.600872417
452.4473989362	-24.7487373415	-520.1427	417.0920598769	-10.6066017178	-520.1427	431.2341955006	24.7487373415	-520.1427	515.7153738598	-38.519237582	-518.034105094
452.4473989362	-24.7487373415	-520.1427	417.0920598769	-10.6066017178	-520.1427	431.2341955006	24.7487373415	-520.1427	514.8666216011	-37.6704853234	-515.6121815812
452.4473989362	-24.7487373415	-520.1427	417.0920598769	-10.6066017178	-520.1427	431.2341955006	24.7487373415	-520.1427	513.3031984248	-36.1070621471	-512.5975548714
452.4473989362	-24.7487373415	-520.1427	417.0920598769	-10.6066017178	-520.1427	431.2341955006	24.7487373415	-520.1427	510.9122192061	-33.7160829284	-509.3169065453
452.4473989362	-24.7487373415	-520.1427	417.0920598769	-10.6066017178	-520.1427	431.2341955006	24.7487373415	-520.1427	507.6704773582	-30.4743410804	-506.1257457535
452.4473989362	-24.7487373415	-520.1427	417.0920598769	-10.6066017178	-520.1427	431.2341955006	24.7487373415	-520.1427	503.6469596261	-26.4508233484	-503.3698842837
452.4473989362	-24.7487373415	-520.1427	417.0920598769	-10.6066017178	-520.1427	431.2341955006	24.7487373415	-520.1427	498.9953703025	-21.7992340248	-501.3479624879
452.4473989362	-24.7487373415	-520.1427	417.0920598769	-10.6066017178	-520.1427	431.2341955006	24.7487373415	-520.1427	493.9374749825	-16.7413387048	-500.279086966
452.4473989362	-24.7487373415	-520.1427	417.0920598769	-10.6066017178	-520.1427	431.2341955006	24.7487373415	-520.1427	488.7390688204	-11.5429325427	-500.279086966
452.4473989362	-24.7487373415	-520.1427	417.0920598769	-10.6066017178	-520.1427	431.2341955006	24.7487373415	-520.1427	483.6811735004	-6.4850372227	-501.3479624879
452.4473989362	-24.7487373415	-520.1427	417.0920598769	-10.6066017178	-520.1427	431.2341955006	24.7487373415	-520.1427	479.0295841768	-1.8334478991	-503.3698842837
452.4473989362	-24.7487373415	-520.1427	417.0920598769	-10.6066017178	-520.1427	431.2341955006	24.7487373415	-520.1427	475.0060664448	2.190069833	-506.1257457535
452.4473989362	-24.7487373415	-520.1427	417.0920598769	-10.6066017178	-520.1427	431.2341955006	24.7487373415	-520.1427	471.7643245968	5.4318116809	-509.3169065453
452.4473989362	-24.7487373415	-520.1427	417.0920598769	-10.6066017178	-520.1427	431.2341955006	24.7487373415	-520.1427	469.3733453781	7.8227908996	-512.5975548714
452.4473989362	-24.7487373415	-520.1427	417.0920598769	-10.6066017178	-520.1427	431.2341955006	24.7487373415	-520.1427	467.8099222018	9.3862140759	-515.6121815812
452.4473989362	-24.7487373415	-520.1427	417.0920598769	-10.6066017178	-520.1427	431.2341955006	24.7487373415	-520.1427	466.9611699432	10.2349663346	-518.034105094
452.4473989362	-24.7487373415	-520.1427	417.0920598769	-10.6066017178	-520.1427	431.2341955006	24.7487373415	-520.1427	466.6367577942	10.5593784836	-519.600872417
452.4473989362	-24.7487373415	-520.1427	417.0920598769	-10.6066017178	-520.1427	431.2341955006	24.7487373415	-520.1427	466.5895345599	10.6066017178	-520.1427
452.4473989362	-24.7487373415	-520.1427	417.0920598769	-10.6066017178	-520.1427	431.2341955006	24.7487373415	-520.1427	466.5895345599	10.6066017178	-520.1427
453.0986814978	-24.0974547799	-520.1427	417.7433424385	-11.2578842794	-520.1427	430.582912939	24.0974547799	-520.1427	465.9382519983	11.2578842794	-520.1427
453.7499640594	-23.4461722183	-520.1427	418.3946250001	-11.909166841	-520.1427	429.9316303774	23.4461722183	-520.1427	465.2869694367	11.909166841	-520.1427
454.4012466211	-22.7948896567	-520.1427	419.0459075617	-12.5604494027	-520.1427	429.2803478158	22.7948896567	-520.1427	464.6356868751	12.5604494027	-520.1427
455.0525291827	-22.1436070951	-520.1427	419.6971901234	-13.2117319643	-520.1427	428.6290652541	22.1436070951	-520.1427	463.9844043135	13.2117319643	-520.1427
455.7038117443	-21.4923245334	-520.1427	420.348472685	-13.8630145259	-520.1427	427.9777826925	21.4923245334	-520.1427	463.3331217518	13.8630145259	-520.1427
456.3550943059	-20.8410419718	-520.1427	420.9997552466	-14.5142970875	-520.1427	427.3265001309	20.8410419718	-520.1427	462.6818391902	14.5142970875	-520.1427
457.0063768675	-20.1897594102	-520.1427	421.6510378082	-15.1655796491	-520.1427	426.6752175693	20.1897594102	-520.1427	462.0305566286	15.1655796491	-520.1427
457.6576594292	-19.5384768486	-520.1427	422.3023203698	-15.8168622108	-520.1427	426.0239350077	19.5384768486	-520.1427	461.379274067	15.8168622108	-520.1427
458.3089419908	-18.887194287	-520.1427	422.9536029314	-16.4681447724	-520.1427	425.372652446	18.887194287	-520.1427	460.7279915054	16.4681447724	-520.1427
458.9602245524	-18.2359117253	-520.1427	423.6048854931	-17.119427334	-520.1427	424.7213698844	18.2359117253	-520.1427	460.0767089437	17.119427334	-520.1427
459.611507114	-17.5846291637	-520.1427	424.2561680547	-17.7707098956	-520.1427	424.0700873228	17.5846291637	-520.1427	459.4254263821	17.7707098956	-520.1427
460.2627896756	-16.9333466021	-520.1427	424.9074506163	-18.4219924572	-520.1427	423.4188047612	16.9333466021	-520.1427	458.7741438205	18.4219924572	-520.1427
460.9140722373	-16.2820640405	-520.1427	425.5587331779	-19.0732750188	-520.1427	422.7675221996	16.2820640405	-520.1427	458.1228612589	19.0732750188	-520.1427
461.5653547989	-15.6307814789	-520.1427	426.2100157395	-19.7245575805	-520.1427	422.1162396379	15.6307814789	-520.1427	457.4715786973	19.7245575805	-520.1427
462.2166373605	-14.9794989172	-520.1427	426.8612983012	-20.3758401421	-520.1427	421.4649570763	14.9794989172	-520.1427	456.8202961356	20.3758401421	-520.1427
462.8679199221	-14.3282163556	-520.1427	427.5125808628	-21.0271227037	-520.1427	420.8136745147	14.3282163556	-520.1427	456.169013574	21.0271227037	-520.1427
463.5192024837	-13.676933794	-520.1427	428.1638634244	-21.6784052653	-520.1427	420.1623919531	13.676933794	-520.1427	455.5177310124	21.6784052653	-520.1427
464.1704850453	-13.0256512324	-520.1427	428.815145986	-22.3296878269	-520.1427	419.5111093915	13.0256512324	-520.1427	454.8664484508	22.3296878269	-520.1427
464.821767607	-12.3743686708	-520.1427	429.4664285476	-22.9809703886	-520.1427	418.8598268298	12.3743686708	-520.1427	454.2151658892	22.9809703886	-520.1427
464.821767607	-12.3743686708	-520.1427	429.4664285476	-22.9809703886	-520.1427	418.8598268298	12.3743686708	-520.1427	454.2151658892	22.9809703886	-520.1427
464.8689908412	-12.3271454365	-519.600872417	429.4664285476	-22.9809703886	-520.1427	418.8598268298	12.3743686708	-520.1427	454.2151658892	22.9809703886	-520.1427
465.1934029902	-12.0027332875	-518.034105094	429.4664285476	-22.9809703886	-520.1427	418.8598268298	12.3743686708	-520.1427	454.2151658892	22.9809703886	-520.1427
466.0421552489	-11.1539810289	-515.6121815812	429.4664285476	-22.9809703886	-520.1427	418.8598268298	12.3743686708	-520.1427	454.2151658892	22.9809703886	-520.1427
467.6055784251	-9.5905578526	-512.5975548714	429.4664285476	-22.9809703886	-520.1427	418.8598268298	12.3743686708	-520.1427	454.2151658892	22.9809703886	-520.1427
469.9965576439	-7.1995786339	-509.3169065453	429.4664285476	-22.9809703886	-520.1427	418.8598268298	12.3743686708	-520.1427	454.2151658892	22.9809703886	-520.1427
473.2382994918	-3.9578367859	-506.1257457535	429.4664285476	-22.9809703886	-520.1427	418.8598268298	12.3743686708	-520.1427	454.2151658892	22.9809703886	-520.1427
477.2618172239	0.0656809461	-503.3698842837	429.4664285476	-22.9809703886	-520.1427	418.8598268298	12.3743686708	-520.1427	454.2151658892	22.9809703886	-520.1427
481.9134065474	4.7172702697	-501.3479624879	429.4664285476	-22.9809703886	-520.1427	418.8598268298	12.3743686708	-520.1427	454.2151658892	22.9809703886	-520.1427
486.9713018674	9.7751655897	-500.279086966	429.4664285476	-22.9809703886	-520.1427	418.8598268298	12.3743686708	-520.1427	454.2151658892	22.9809703886	-520.1427
492.1697080296	14.9735717518	-500.279086966	429.4664285476	-22.9809703886	-520.1427	418.8598268298	12.3743686708	-520.1427	454.2151658892	22.9809703886	-520.1427
497.2276033496	20.0314670718	-501.3479624879	429.4664285476	-22.9809703886	-520.1427	418.8598268298	12.3743686708	-520.1427	454.2151658892	22.9809703886	-520.1427
501.8791926731	24.6830563954	-503.3698842837	429.4664285476	-22.9809703886	-520.1427	418.8598268298	12.3743686708	-520.1427	454.2151658892	22.9809703886	-520.1427
505.9027104052	28.7065741275	-506.1257457535	429.4664285476	-22.9809703886	-520.1427	418.8598268298	12.3743686708	-520.1427	454.2151658892	22.9809703886	-520.1427
509.1444522531	31.9483159754	-509.3169065453	429.4664285476	-22.9809703886	-520.1427	418.8598268298	12.3743686708	-520.1427	454.2151658892	22.9809703886	-520.1427
511.5354314719	34.3392951941	-512.5975548714	429.4664285476	-22.9809703886	-520.1427	418.8598268298	12.3743686708	-520.1427	454.2151658892	22.9809703886	-520.1427
513.0988546481	35.9027183704	-515.6121815812	429.4664285476	-22.9809703886	-520.1427	418.8598268298	12.3743686708	-520.1427	454.2151658892	22.9809703886	-520.1427
513.9476069068	36.7514706291	-518.034105094	429.4664285476	-22.9809703886	-520.1427	418.8598268298	12.3743686708	-520.1427	454.2151658892	22.9809703886	-520.1427
514.2720190558	37.0758827781	-519.600872417	429.4664285476	-22.9809703886	-520.1427	418.8598268298	12.3743686708	-520.1427	454.2151658892	22.9809703886	-520.1427
514.31924229	37.1231060123	-520.1427	429.4664285476	-22.9809703886	-520.1427	418.8598268298	12.3743686708	-520.1427	454.2151658892	22.9809703886	-520.1427
514.31924229	37.1231060123	-520.1427	429.4664285476	-22.9809703886	-520.1427	418.8598268298	12.3743686708	-520.1427	454.2151658892	22.9809703886	-520.1427
511.9932331414	37.588307842	-520.1427	429.9316303774	-20.6549612399	-520.1427	421.1858359785	11.909166841	-520.1427	453.7499640594	20.6549612399	-520.1427
509.6672239927	38.0535096717	-520.1427	430.3968322071	-18.3289520913	-520.1427	423.5118451271	11.4439650113	-520.1427	453.2847622297	18.3289520913	-520.1427
507.3412148441	38.5187115015	-520.1427	430.8620340368	-16.0029429426	-520.1427	425.8378542758	10.9787631816	-520.1427	452.8195604	16.0029429426	-520.1427
505.0152056955	38.9839133312	-520.1427	431.3272358666	-13.676933794	-520.1427	428.1638634244	10.5135613519	-520.1427	452.3543585703	13.676933794	-520.1427
502.6891965468	39.4491151609	-520.1427	431.7924376963	-11.3509246454	-520.1427	430.489872573	10.0483595221	-520.1427	451.8891567405	11.3509246454	-520.1427
500.3631873982	39.9143169907	-520.1427	432.257639526	-9.0249154967	-520.1427	432.8158817217	9.5831576924	-520.1427	451.4239549108	9.0249154967	-520.1427
498.0371782495	40.3795188204	-520.1427	432.7228413557	-6.6989063481	-520.1427	435.1418908703	9.1179558627	-520.1427	450.9587530811	6.6989063481	-520.1427
495.7111691009	40.8447206501	-520.1427	433.1880431855	-4.3728971994	-520.1427	437.467900019	8.6527540329	-520.1427	450.4935512513	4.3728971994	-520.1427
493.3851599523	41.3099224798	-520.1427	433.6532450152	-2.0468880508	-520.1427	439.7939091676	8.1875522032	-520.1427	450.0283494216	2.0468880508	-520.1427
491.0591508036	41.7751243096	-520.1427	434.1184468449	0.2791210978	-520.1427	442.1199183162	7.7223503735	-520.1427	449.5631475919	-0.2791210978	-520.1427
488.733141655	42.2403261393	-520.1427	434.5836486746	2.6051302465	-520.1427	444.4459274649	7.2571485438	-520.1427	449.0979457622	-2.6051302465	-520.1427
486.4071325063	42.705527969	-520.1427	435.0488505044	4.9311393951	-520.1427	446.7719366135	6.791946714	-520.1427	448.6327439324	-4.9311393951	-520.1427
484.0811233577	43.1707297988	-520.1427	435.5140523341	7.2571485438	-520.1427	449.0979457622	6.3267448843	-520.1427	448.1675421027	-7.2571485438	-520.1427
481.7551142091	43.6359316285	-520.1427	435.9792541638	9.5831576924	-520.1427	451.4239549108	5.8615430546	-520.1427	447.702340273	-9.5831576924	-520.1427
479.4291050604	44.1011334582	-520.1427	436.4444559936	11.909166841	-520.1427	453.7499640594	5.3963412248	-520.1427	447.2371384433	-11.909166841	-520.1427
477.1030959118	44.5663352879	-520.1427	436.9096578233	14.2351759897	-520.1427	456.0759732081	4.9311393951	-520.1427	446.7719366135	-14.2351759897	-520.1427
474.7770867631	45.0315371177	-520.1427	437.374859653	16.5611851383	-520.1427	458.4019823567	4.4659375654	-520.1427	446.3067347838	-16.5611851383	-520.1427
472.4510776145	45.4967389474	-520.1427	437.8400614827	18.887194287	-520.1427	460.7279915054	4.0007357357	-520.1427	445.8415329541	-18.887194287	-520.1427
470.1250684659	45.9619407771	-520.1427	438.3052633125	21.2132034356	-520.1427	463.054000654	3.5355339059	-520.1427	445.3763311243	-21.2132034356	-520.1427
470.1250684659	45.9619407771	-520.1427	438.3052633125	21.2132034356	-520.1427	463.054000654	3.5355339059	-520.1427	445.3763311243	-21.2132034356	-520.1427
470.1250684659	45.9619407771	-520.1427	438.3052633125	21.2132034356	-520.1427	463.0067774198	3.4883106717	-519.600872417	445.3763311243	-21.2132034356	-520.1427
470.1250684659	45.9619407771	-520.1427	438.3052633125	21.2132034356	-520.1427	462.6823652708	3.1638985227	-518.034105094	445.3763311243	-21.2132034356	-520.1427
470.1250684659	45.9619407771	-520.1427	438.3052633125	21.2132034356	-520.1427	461.8336130121	2.315146264	-515.6121815812	445.3763311243	-21.2132034356	-520.1427
470.1250684659	45.9619407771	-520.1427	438.3052633125	21.2132034356	-520.1427	460.2701898358	0.7517230878	-512.5975548714	445.3763311243	-21.2132034356	-520.1427
470.1250684659	45.9619407771	-520.1427	438.3052633125	21.2132034356	-520.1427	457.8792106171	-1.639256131	-509.3169065453	445.3763311243	-21.2132034356	-520.1427
470.1250684659	45.9619407771	-520.1427	438.3052633125	21.2132034356	-520.1427	454.6374687692	-4.8809979789	-506.1257457535	445.3763311243	-21.2132034356	-520.1427
470.1250684659	45.9619407771	-520.1427	438.3052633125	21.2132034356	-520.1427	450.6139510371	-8.904515711	-503.3698842837	445.3763311243	-21.2132034356	-520.1427
470.1250684659	45.9619407771	-520.1427	438.3052633125	21.2132034356	-520.1427	445.9623617135	-13.5561050345	-501.3479624879	445.3763311243	-21.2132034356	-520.1427
470.1250684659	45.9619407771	-520.1427	438.3052633125	21.2132034356	-520.1427	440.9044663935	-18.6140003545	-500.279086966	445.3763311243	-21.2132034356	-520.1427
470.1250684659	45.9619407771	-520.1427	438.3052633125	21.2132034356	-520.1427	435.7060602314	-23.8124065167	-500.279086966	445.3763311243	-21.2132034356	-520.1427
470.1250684659	45.9619407771	-520.1427	438.3052633125	21.2132034356	-520.1427	430.6481649114	-28.8703018367	-501.3479624879	445.3763311243	-21.2132034356	-520.1427
470.1250684659	45.9619407771	-520.1427	438.3052633125	21.2132034356	-520.1427	425.9965755878	-33.5218911602	-503.3698842837	445.3763311243	-21.2132034356	-520.1427
470.1250684659	45.9619407771	-520.1427	438.3052633125	21.2132034356	-520.1427	421.9730578558	-37.5454088923	-506.1257457535	445.3763311243	-21.2132034356	-520.1427
470.1250684659	45.9619407771	-520.1427	438.3052633125	21.2132034356	-520.1427	418.7313160079	-40.7871507402	-509.3169065453	445.3763311243	-21.2132034356	-520.1427
470.1250684659	45.9619407771	-520.1427	438.3052633125	21.2132034356	-520.1427	416.3403367891	-43.178129959	-512.5975548714	445.3763311243	-21.2132034356	-520.1427
470.1250684659	45.9619407771	-520.1427	438.3052633125	21.2132034356	-520.1427	414.7769136128	-44.7415531352	-515.6121815812	445.3763311243	-21.2132034356	-520.1427
470.1250684659	45.9619407771	-520.1427	438.3052633125	21.2132034356	-520.1427	413.9281613542	-45.5903053939	-518.034105094	445.3763311243	-21.2132034356	-520.1427
470.1250684659	45.9619407771	-520.1427	438.3052633125	21.2132034356	-520.1427	413.6037492052	-45.9147175429	-519.600872417	445.3763311243	-21.2132034356	-520.1427
470.1250684659	45.9619407771	-520.1427	438.3052633125	21.2132034356	-520.1427	413.5565259709	-45.9619407771	-520.1427	445.3763311243	-21.2132034356	-520.1427
470.1250684659	45.9619407771	-520.1427	438.3052633125	21.2132034356	-520.1427	413.5565259709	-45.9619407771	-520.1427	445.3763311243	-21.2132034356	-520.1427
470.1250684659	45.9619407771	-520.1427	438.3052633125	21.2132034356	-520.1427	413.5565259709	-45.9619407771	-520.1427	445.3763311243	-21.2132034356	-520.1427
470.1250684659	45.9619407771	-520.1427	438.3052633125	21.2132034356	-520.1427	413.5565259709	-45.9619407771	-520.1427	445.3763311243	-21.2132034356	-520.1427
470.1250684659	45.9619407771	-520.1427	438.3052633125	21.2132034356	-520.1427	413.5565259709	-45.9619407771	-520.1427	445.3763311243	-21.2132034356	-520.1427
470.1250684659	45.9619407771	-520.1427	438.3052633125	21.2132034356	-520.1427	413.5565259709	-45.9619407771	-520.1427	445.3763311243	-21.2132034356	-520.1427
470.1250684659	45.9619407771	-520.1427	438.3052633125	21.2132034356	-520.1427	413.5565259709	-45.9619407771	-520.1427	445.3763311243	-21.2132034356	-520.1427
470.1250684659	45.9619407771	-520.1427	438.3052633125	21.2132034356	-520.1427	413.5565259709	-45.9619407771	-520.1427	445.3763311243	-21.2132034356	-520.1427
470.1250684659	45.9619407771	-520.1427	438.3052633125	21.2132034356	-520.1427	413.5565259709	-45.9619407771	-520.1427	445.3763311243	-21.2132034356	-520.1427
470.1250684659	45.9619407771	-520.1427	438.3052633125	21.2132034356	-520.1427	413.5565259709	-45.9619407771	-520.1427	445.3763311243	-21.2132034356	-520.1427
470.1250684659	45.9619407771	-520.1427	438.3052633125	21.2132034356	-520.1427	413.5565259709	-45.9619407771	-520.1427	445.3763311243	-21.2132034356	-520.1427
470.1250684659	45.9619407771	-520.1427	438.3052633125	21.2132034356	-520.1427	413.5565259709	-45.9619407771	-520.1427	445.3763311243	-21.2132034356	-520.1427
470.1250684659	45.9619407771	-520.1427	438.3052633125	21.2132034356	-520.1427	413.5565259709	-45.9619407771	-520.1427	445.3763311243	-21.2132034356	-520.1427
470.1250684659	45.9619407771	-520.1427	438.3052633125	21.2132034356	-520.1427	413.5565259709	-45.9619407771	-520.1427	445.3763311243	-21.2132034356	-520.1427
470.1250684659	45.9619407771	-520.1427	438.3052633125	21.2132034356	-520.1427	413.5565259709	-45.9619407771	-520.1427	445.3763311243	-21.2132034356	-520.1427
470.1250684659	45.9619407771	-520.1427	438.3052633125	21.2132034356	-520.1427	413.5565259709	-45.9619407771	-520.1427	445.3763311243	-21.2132034356	-520.1427
470.1250684659	45.9619407771	-520.1427	438.3052633125	21.2132034356	-520.1427	413.5565259709	-45.9619407771	-520.1427	445.3763311243	-21.2132034356	-520.1427
470.1250684659	45.9619407771	-520.1427	438.3052633125	21.2132034356	-520.1427	413.5565259709	-45.9619407771	-520.1427	445.3763311243	-21.2132034356	-520.1427
470.1250684659	45.9619407771	-520.1427	438.3052633125	21.2132034356	-520.1427	413.5565259709	-45.9619407771	-520.1427	445.3763311243	-21.2132034356	-520.1427
470.1250684659	45.9619407771	-520.1427	438.3052633125	21.2132034356	-520.1427	413.5565259709	-45.9619407771	-520.1427	445.3763311243	-21.2132034356	-520.1427
470.1250684659	45.9619407771	-520.1427	438.3052633125	21.2132034356	-520.1427	413.5565259709	-45.9619407771	-520.1427	445.3763311243	-21.2132034356	-520.1427
470.1250684659	45.9619407771	-520.1427	438.3052633125	21.2132034356	-520.1427	413.5565259709	-45.9619407771	-520.1427	445.3763311243	-21.2132034356	-520.1427
470.1250684659	45.9619407771	-520.1427	438.3524865467	21.1659802014	-519.600872417	413.5565259709	-45.9619407771	-520.1427	445.3763311243	-21.2132034356	-520.1427
470.1250684659	45.9619407771	-520.1427	438.6768986957	20.8415680524	-518.034105094	413.5565259709	-45.9619407771	-520.1427	445.3763311243	-21.2132034356	-520.1427
470.1250684659	45.9619407771	-520.1427	439.5256509544	19.9928157937	-515.6121815812	413.5565259709	-45.9619407771	-520.1427	445.3763311243	-21.2132034356	-520.1427
470.1250684659	45.9619407771	-520.1427	441.0890741306	18.4293926174	-512.5975548714	413.5565259709	-45.9619407771	-520.1427	445.3763311243	-21.2132034356	-520.1427
470.1250684659	45.9619407771	-520.1427	443.4800533494	16.0384133987	-509.3169065453	413.5565259709	-45.9619407771	-520.1427	445.3763311243	-21.2132034356	-520.1427
470.1250684659	45.9619407771	-520.1427	446.7217951973	12.7966715508	-506.1257457535	413.5565259709	-45.9619407771	-520.1427	445.3763311243	-21.2132034356	-520.1427
470.1250684659	45.9619407771	-520.1427	450.7453129294	8.7731538187	-503.3698842837	413.5565259709	-45.9619407771	-520.1427	445.3763311243	-21.2132034356	-520.1427
470.1250684659	45.9619407771	-520.1427	455.3969022529	4.1215644951	-501.3479624879	413.5565259709	-45.9619407771	-520.1427	445.3763311243	-21.2132034356	-520.1427
470.1250684659	45.9619407771	-520.1427	460.4547975729	-0.9363308249	-500.279086966	413.5565259709	-45.9619407771	-520.1427	445.3763311243	-21.2132034356	-520.1427
470.1250684659	45.9619407771	-520.1427	465.6532037351	-6.134736987	-500.279086966	413.5565259709	-45.9619407771	-520.1427	445.3763311243	-21.2132034356	-520.1427
470.1250684659	45.9619407771	-520.1427	470.7110990551	-11.192632307	-501.3479624879	413.5565259709	-45.9619407771	-520.1427	445.3763311243	-21.2132034356	-520.1427
470.1250684659	45.9619407771	-520.1427	475.3626883786	-15.8442216306	-503.3698842837	413.5565259709	-45.9619407771	-520.1427	445.3763311243	-21.2132034356	-520.1427
470.1250684659	45.9619407771	-520.1427	479.3862061107	-19.8677393626	-506.1257457535	413.5565259709	-45.9619407771	-520.1427	445.3763311243	-21.2132034356	-520.1427
470.1250684659	45.9619407771	-520.1427	482.6279479586	-23.1094812106	-509.3169065453	413.5565259709	-45.9619407771	-520.1427	445.3763311243	-21.2132034356	-520.1427
470.1250684659	45.9619407771	-520.1427	485.0189271774	-25.5004604293	-512.5975548714	413.5565259709	-45.9619407771	-520.1427	445.3763311243	-21.2132034356	-520.1427
470.1250684659	45.9619407771	-520.1427	486.5823503536	-27.0638836056	-515.6121815812	413.5565259709	-45.9619407771	-520.1427	445.3763311243	-21.2132034356	-520.1427
470.1250684659	45.9619407771	-520.1427	487.4311026123	-27.9126358642	-518.034105094	413.5565259709	-45.9619407771	-520.1427	445.3763311243	-21.2132034356	-520.1427
470.1250684659	45.9619407771	-520.1427	487.7555147613	-28.2370480132	-519.600872417	413.5565259709	-45.9619407771	-520.1427	445.3763311243	-21.2132034356	-520.1427
470.1250684659	45.9619407771	-520.1427	487.8027379955	-28.2842712475	-520.1427	413.5565259709	-45.9619407771	-520.1427	445.3763311243	-21.2132034356	-520.1427
470.1250684659	45.9619407771	-520.1427	487.8027379955	-28.2842712475	-520.1427	413.5565259709	-45.9619407771	-520.1427	445.3763311243	-21.2132034356	-520.1427
469.1946648064	42.2403261393	-520.1427	484.0811233577	-27.353867588	-520.1427	414.4869296304	-42.2403261393	-520.1427	449.0979457622	-22.1436070951	-520.1427
468.264261147	38.5187115015	-520.1427	480.3595087199	-26.4234639286	-520.1427	415.4173332899	-38.5187115015	-520.1427	452.8195604	-23.0740107545	-520.1427
467.3338574875	34.7970968637	-520.1427	476.6378940821	-25.4930602691	-520.1427	416.3477369493	-34.7970968637	-520.1427	456.5411750378	-24.004414414	-520.1427
466.403453828	31.0754822258	-520.1427	472.9162794442	-24.5626566096	-520.1427	417.2781406088	-31.0754822258	-520.1427	460.2627896756	-24.9348180734	-520.1427
465.4730501686	27.353867588	-520.1427	469.1946648064	-23.6322529502	-520.1427	418.2085442682	-27.353867588	-520.1427	463.9844043135	-25.8652217329	-520.1427
464.5426465091	23.6322529502	-520.1427	465.4730501686	-22.7018492907	-520.1427	419.1389479277	-23.6322529502	-520.1427	467.7060189513	-26.7956253923	-520.1427
463.6122428497	19.9106383124	-520.1427	461.7514355308	-21.7714456313	-520.1427	420.0693515871	-19.9106383124	-520.1427	471.4276335891	-27.7260290518	-520.1427
462.6818391902	16.1890236745	-520.1427	458.0298208929	-20.8410419718	-520.1427	420.9997552466	-16.1890236745	-520.1427	475.1492482269	-28.6564327112	-520.1427
461.7514355308	12.4674090367	-520.1427	454.3082062551	-19.9106383124	-520.1427	421.930158906	-12.4674090367	-520.1427	478.8708628648	-29.5868363707	-520.1427
460.8210318713	8.7457943989	-520.1427	450.5865916173	-18.9802346529	-520.1427	422.8605625655	-8.7457943989	-520.1427	482.5924775026	-30.5172400302	-520.1427
459.8906282119	5.0241797611	-520.1427	446.8649769795	-18.0498309934	-520.1427	423.790966225	-5.0241797611	-520.1427	486.3140921404	-31.4476436896	-520.1427
458.9602245524	1.3025651232	-520.1427	443.1433623416	-17.119427334	-520.1427	424.7213698844	-1.3025651232	-520.1427	490.0357067782	-32.3780473491	-520.1427
458.0298208929	-2.4190495146	-520.1427	439.4217477038	-16.1890236745	-520.1427	425.6517735439	2.4190495146	-520.1427	493.757321416	-33.3084510085	-520.1427
457.0994172335	-6.1406641524	-520.1427	435.700133066	-15.2586200151	-520.1427	426.5821772033	6.1406641524	-520.1427	497.4789360539	-34.238854668	-520.1427
456.169013574	-9.8622787902	-520.1427	431.9785184282	-14.3282163556	-520.1427	427.5125808628	9.8622787902	-520.1427	501.2005506917	-35.1692583274	-520.1427
455.2386099146	-13.5838934281	-520.1427	428.2569037903	-13.3978126962	-520.1427	428.4429845222	13.5838934281	-520.1427	504.9221653295	-36.0996619869	-520.1427
454.3082062551	-17.3055080659	-520.1427	424.5352891525	-12.4674090367	-520.1427	429.3733881817	17.3055080659	-520.1427	508.6437799673	-37.0300656463	-520.1427
453.3778025957	-21.0271227037	-520.1427	420.8136745147	-11.5370053773	-520.1427	430.3037918412	21.0271227037	-520.1427	512.3653946052	-37.9604693058	-520.1427
452.4473989362	-24.7487373415	-520.1427	417.0920598769	-10.6066017178	-520.1427	431.2341955006	24.7487373415	-520.1427	516.087009243	-38.8908729653	-520.1427
452.4473989362	-24.7487373415	-520.1427	417.0920598769	-10.6066017178	-520.1427	431.2341955006	24.7487373415	-520.1427	516.087009243	-38.8908729653	-520.1427
452.4473989362	-24.7487373415	-520.1427	417.0920598769	-10.6066017178	-520.1427	431.2341955006	24.7487373415	-520.1427	516.0397860088	-38.843649731	-519.600872417
452.4473989362	-24.7487373415	-520.1427	417.0920598769	-10.6066017178	-520.1427	431.2341955006	24.7487373415	-520.1427	515.7153738598	-38.519237582	-518.034105094
452.4473989362	-24.7487373415	-520.1427	417.0920598769	-10.6066017178	-520.1427	431.2341955006	24.7487373415	-520.1427	514.8666216011	-37.6704853234	-515.6121815812
452.4473989362	-24.7487373415	-520.1427	417.0920598769	-10.6066017178	-520.1427	431.2341955006	24.7487373415	-520.1427	513.3031984248	-36.1070621471	-512.5975548714
452.4473989362	-24.7487373415	-520.1427	417.0920598769	-10.6066017178	-520.1427	431.2341955006	24.7487373415	-520.1427	510.9122192061	-33.7160829284	-509.3169065453
452.4473989362	-24.7487373415	-520.1427	417.0920598769	-10.6066017178	-520.1427	431.2341955006	24.7487373415	-520.1427	507.6704773582	-30.4743410804	-506.1257457535
452.4473989362	-24.7487373415	-520.1427	417.0920598769	-10.6066017178	-520.1427	431.2341955006	24.7487373415	-520.1427	503.6469596261	-26.4508233484	-503.3698842837
452.4473989362	-24.7487373415	-520.1427	417.0920598769	-10.6066017178	-520.1427	431.2341955006	24.7487373415	-520.1427	498.9953703025	-21.7992340248	-501.3479624879
452.4473989362	-24.7487373415	-520.1427	417.0920598769	-10.6066017178	-520.1427	431.2341955006	24.7487373415	-520.1427	493.9374749825	-16.7413387048	-500.279086966
452.4473989362	-24.7487373415	-520.1427	417.0920598769	-10.6066017178	-520.1427	431.2341955006	24.7487373415	-520.1427	488.7390688204	-11.5429325427	-500.279086966
452.4473989362	-24.7487373415	-520.1427	417.0920598769	-10.6066017178	-520.1427	431.2341955006	24.7487373415	-520.1427	483.6811735004	-6.4850372227	-501.3479624879
452.4473989362	-24.7487373415	-520.1427	417.0920598769	-10.6066017178	-520.1427	431.2341955006	24.7487373415	-520.1427	479.0295841768	-1.8334478991	-503.3698842837
452.4473989362	-24.7487373415	-520.1427	417.0920598769	-10.6066017178	-520.1427	431.2341955006	24.7487373415	-520.1427	475.0060664448	2.190069833	-506.1257457535
452.4473989362	-24.7487373415	-520.1427	417.0920598769	-10.6066017178	-520.1427	431.2341955006	24.7487373415	-520.1427	471.7643245968	5.4318116809	-509.3169065453
452.4473989362	-24.7487373415	-520.1427	417.0920598769	-10.6066017178	-520.1427	431.2341955006	24.7487373415	-520.1427	469.3733453781	7.8227908996	-512.5975548714
452.4473989362	-24.7487373415	-520.1427	417.0920598769	-10.6066017178	-520.1427	431.2341955006	24.7487373415	-520.1427	467.8099222018	9.3862140759	-515.6121815812
452.4473989362	-24.7487373415	-520.1427	417.0920598769	-10.6066017178	-520.1427	431.2341955006	24.7487373415	-520.1427	466.9611699432	10.2349663346	-518.034105094
452.4473989362	-24.7487373415	-520.1427	417.0920598769	-10.6066017178	-520.1427	431.2341955006	24.7487373415	-520.1427	466.6367577942	10.5593784836	-519.600872417
452.4473989362	-24.7487373415	-520.1427	417.0920598769	-10.6066017178	-520.1427	431.2341955006	24.7487373415	-520.1427	466.5895345599	10.6066017178	-520.1427
452.4473989362	-24.7487373415	-520.1427	417.0920598769	-10.6066017178	-520.1427	431.2341955006	24.7487373415	-520.1427	466.5895345599	10.6066017178	-520.1427
453.0986814978	-24.0974547799	-520.1427	417.7433424385	-11.2578842794	-520.1427	430.582912939	24.0974547799	-520.1427	465.9382519983	11.2578842794	-520.1427
453.7499640594	-23.4461722183	-520.1427	418.3946250001	-11.909166841	-520.1427	429.9316303774	23.4461722183	-520.1427	465.2869694367	11.909166841	-520.1427
454.4012466211	-22.7948896567	-520.1427	419.0459075617	-12.5604494027	-520.1427	429.2803478158	22.7948896567	-520.1427	464.6356868751	12.5604494027	-520.1427
455.0525291827	-22.1436070951	-520.1427	419.6971901234	-13.2117319643	-520.1427	428.6290652541	22.1436070951	-520.1427	463.9844043135	13.2117319643	-520.1427
455.7038117443	-21.4923245334	-520.1427	420.348472685	-13.8630145259	-520.1427	427.9777826925	21.4923245334	-520.1427	463.3331217518	13.8630145259	-520.1427
456.3550943059	-20.8410419718	-520.1427	420.9997552466	-14.5142970875	-520.1427	427.3265001309	20.8410419718	-520.1427	462.6818391902	14.5142970875	-520.1427
457.0063768675	-20.1897594102	-520.1427	421.6510378082	-15.1655796491	-520.1427	426.6752175693	20.1897594102	-520.1427	462.0305566286	15.1655796491	-520.1427
457.6576594292	-19.5384768486	-520.1427	422.3023203698	-15.8168622108	-520.1427	426.0239350077	19.5384768486	-520.1427	461.379274067	15.8168622108	-520.1427
458.3089419908	-18.887194287	-520.1427	422.9536029314	-16.4681447724	-520.1427	425.372652446	18.887194287	-520.1427	460.7279915054	16.4681447724	-520.1427
458.9602245524	-18.2359117253	-520.1427	423.6048854931	-17.119427334	-520.1427	424.7213698844	18.2359117253	-520.1427	460.0767089437	17.119427334	-520.1427
459.611507114	-17.5846291637	-520.1427	424.2561680547	-17.7707098956	-520.1427	424.0700873228	17.5846291637	-520.1427	459.4254263821	17.7707098956	-520.1427
460.2627896756	-16.9333466021	-520.1427	424.9074506163	-18.4219924572	-520.1427	423.4188047612	16.9333466021	-520.1427	458.7741438205	18.4219924572	-520.1427
460.9140722373	-16.2820640405	-520.1427	425.5587331779	-19.0732750188	-520.1427	422.7675221996	16.2820640405	-520.1427	458.1228612589	19.0732750188	-520.1427
461.5653547989	-15.6307814789	-520.1427	426.2100157395	-19.7245575805	-520.1427	422.1162396379	15.6307814789	-520.1427	457.4715786973	19.7245575805	-520.1427
462.2166373605	-14.9794989172	-520.1427	426.8612983012	-20.3758401421	-520.1427	421.4649570763	14.9794989172	-520.1427	456.8202961356	20.3758401421	-520.1427
462.8679199221	-14.3282163556	-520.1427	427.5125808628	-21.0271227037	-520.1427	420.8136745147	14.3282163556	-520.1427	456.169013574	21.0271227037	-520.1427
463.5192024837	-13.676933794	-520.1427	428.1638634244	-21.6784052653	-520.1427	420.1623919531	13.676933794	-520.1427	455.5177310124	21.6784052653	-520.1427
464.1704850453	-13.0256512324	-520.1427	428.815145986	-22.3296878269	-520.1427	419.5111093915	13.0256512324	-520.1427	454.8664484508	22.3296878269	-520.1427
464.821767607	-12.3743686708	-520.1427	429.4664285476	-22.9809703886	-520.1427	418.8598268298	12.3743686708	-520.1427	454.2151658892	22.9809703886	-520.1427
464.821767607	-12.3743686708	-520.1427	429.4664285476	-22.9809703886	-520.1427	418.8598268298	12.3743686708	-520.1427	454.2151658892	22.9809703886	-520.1427
464.8689908412	-12.3271454365	-519.600872417	429.4664285476	-22.9809703886	-520.1427	418.8598268298	12.3743686708	-520.1427	454.2151658892	22.9809703886	-520.1427
465.1934029902	-12.0027332875	-518.034105094	429.4664285476	-22.9809703886	-520.1427	418.8598268298	12.3743686708	-520.1427	454.2151658892	22.9809703886	-520.1427
466.0421552489	-11.1539810289	-515.6121815812	429.4664285476	-22.9809703886	-520.1427	418.8598268298	12.3743686708	-520.1427	454.2151658892	22.9809703886	-520.1427
467.6055784251	-9.5905578526	-512.5975548714	429.4664285476	-22.9809703886	-520.1427	418.8598268298	12.3743686708	-520.1427	454.2151658892	22.9809703886	-520.1427
469.9965576439	-7.1995786339	-509.3169065453	429.4664285476	-22.9809703886	-520.1427	418.8598268298	12.3743686708	-520.1427	454.2151658892	22.9809703886	-520.1427
473.2382994918	-3.9578367859	-506.1257457535	429.4664285476	-22.9809703886	-520.1427	418.8598268298	12.3743686708	-520.1427	454.2151658892	22.9809703886	-520.1427
477.2618172239	0.0656809461	-503.3698842837	429.4664285476	-22.9809703886	-520.1427	418.8598268298	12.3743686708	-520.1427	454.2151658892	22.9809703886	-520.1427
481.9134065474	4.7172702697	-501.3479624879	429.4664285476	-22.9809703886	-520.1427	418.8598268298	12.3743686708	-520.1427	454.2151658892	22.9809703886	-520.1427
486.9713018674	9.7751655897	-500.279086966	429.4664285476	-22.9809703886	-520.1427	418.8598268298	12.3743686708	-520.1427	454.2151658892	22.9809703886	-520.1427
492.1697080296	14.9735717518	-500.279086966	429.4664285476	-22.9809703886	-520.1427	418.8598268298	12.3743686708	-520.1427	454.2151658892	22.9809703886	-520.1427
497.2276033496	20.0314670718	-501.3479624879	429.4664285476	-22.9809703886	-520.1427	418.8598268298	12.3743686708	-520.1427	454.2151658892	22.9809703886	-520.1427
501.8791926731	24.6830563954	-503.3698842837	429.4664285476	-22.9809703886	-520.1427	418.8598268298	12.3743686708	-520.1427	454.2151658892	22.9809703886	-520.1427
505.9027104052	28.7065741275	-506.1257457535	429.4664285476	-22.9809703886	-520.1427	418.8598268298	12.3743686708	-520.1427	454.2151658892	22.9809703886	-520.1427
509.1444522531	31.9483159754	-509.3169065453	429.4664285476	-22.9809703886	-520.1427	418.8598268298	12.3743686708	-520.1427	454.2151658892	22.9809703886	-520.1427
511.5354314719	34.3392951941	-512.5975548714	429.4664285476	-22.9809703886	-520.1427	418.8598268298	12.3743686708	-520.1427	454.2151658892	22.9809703886	-520.1427
513.0988546481	35.9027183704	-515.6121815812	429.4664285476	-22.9809703886	-520.1427	418.8598268298	12.3743686708	-520.1427	454.2151658892	22.9809703886	-520.1427
513.9476069068	36.7514706291	-518.034105094	429.4664285476	-22.9809703886	-520.1427	418.8598268298	12.3743686708	-520.1427	454.2151658892	22.9809703886	-520.1427
514.2720190558	37.0758827781	-519.600872417	429.4664285476	-22.9809703886	-520.1427	418.8598268298	12.3743686708	-520.1427	454.2151658892	22.9809703886	-520.1427
514.31924229	37.1231060123	-520.1427	429.4664285476	-22.9809703886	-520.1427	418.8598268298	12.3743686708	-520.1427	454.2151658892	22.9809703886	-520.1427

